-0.8187488352614435,-0.5701233002879503,0.06789526660088628,5.835650131233655,0.5688756636979315,-0.8215275775497654,-0.038378621359463704,-4.954763677881687,0.0776583801676807,0.0072015133125261175,0.996954018094988,0.7933142459651042,0.0,0.0,0.0,1.0,-0.8196735049518218,-0.5668748617940037,0.08239075400811194,5.844388089170584,0.5640644494789658,-0.8238038737045814,-0.05637796114899449,-4.957386925318315,0.09983307124388782,0.00026217428470860435,0.9950041653936215,0.5309267578419588,0.0,0.0,0.0,1.0,3.3936831764159745,-3.8271208272130717,0.5202193033031822,3.6250456407869107,-1.2120965546548703,0.15829319386488622,1.4156290879611433,-1.8872450082352472,0.7390891543447864,0.7306247192501361,-3.706042200756526,0.1883290347397921,2.916069184995931,-4.358889810135837,0.878284550716907,1.6693642582155617,-1.3375874539640034,0.28461173748860924,0.3294145335521862,-4.300640888711293,0.4445285135090337,1.0541662026601155,-3.973604571387691,1.1195795988892536,2.083847591949276,-1.6479373051531896,0.616432896788312,2.2387615395585856,-2.6777176370710585,0.48267623916312613,1.2696752782712124,-3.758188176316786,0.19726287029968192,2.915003851645606,-0.7515354075412981,-0.05770191120626328,2.7930721930971103,-0.6878523445130227,-0.07197825102421462,1.9067608479876919,-4.166769281214971,1.061100976961101,4.836544741337938,-2.829486009267846,0.410706142825972,1.1527859172307817,-1.6548922386040446,0.5239037006472615,1.5516826498672425,-4.3521526408049915,0.6403417417082571,4.357867573395712,-3.15805331095624,0.7104782372342301,4.959445828325851,-4.22902063136204,0.5979094162662246,1.444311001355225,-0.8033722227899402,0.7722819844357068,3.452222403635163,-1.8464271716800271,0.6105655827128794,4.127964138283633,-2.650282645353115,0.7156911258398215,0.7918233272468579,-2.493864693069282,0.06034490090844119,2.5736300314029608,-2.8885364463368632,0.363799159387761,2.243616887179615,-1.2590109147404884,0.8713069821108448,1.427496299684594,-1.5872877186917393,0.8421654411659464,2.0968976537867823,-1.4723166846143227,-0.024609060010033476,0.4466428573226894,-4.127543101243202,1.1688607580286159,2.8823026491978743,-0.8430951093651398,0.6741057319197125,2.508288470431096,-1.1391884850825749,0.15179732592722645,2.6184607053436197,-1.90941545639026,0.6944370707529854,0.8486715096795574,-2.01644075600143,0.2239448401772319,2.428621055863456,-3.9918493512020214,1.009610629906592,1.9210258550048978,-2.5264672901924343,0.059901825568553474,2.131628848864695,-1.1849297970454624,-0.11961952109553575,3.595810291021191,-3.762634227991321,0.8081563050205234,0.7863185319453919,-3.69997755358854,0.2855318171291632,1.0870731869590902,-4.234702001989565,0.9452140531495257,3.6457413794063003,-2.9804460504186006,0.6860273442735831,2.5587100745227156,-3.059317321144789,0.559332989764653,4.392103042891617,-4.476036170158774,0.6237307043207815,4.664767475244163,-2.6532128944084543,0.5980786190041255,4.800696734572812,-3.631334011769484,0.6127794832248764
-0.7781725996497542,-0.626950262124347,-0.03715876715604051,5.653921276874252,0.6278368591468908,-0.7750021685026911,-0.07205912234195087,-5.096627675302936,0.01637936051591839,-0.07940407822233463,0.9967079356114067,0.4017885884300357,0.0,0.0,0.0,1.0,-0.7822130712092692,-0.62269921039558,-0.019707983206905675,5.670335594358903,0.6213396481243503,-0.7774086414612117,-0.09784092114315733,-5.121142486161547,0.04560430788939937,-0.08877779876835241,0.9950069092965007,0.5203030412080604,0.0,0.0,0.0,1.0,3.3936831764159745,-3.8271208272130717,0.5202193033031822,3.6250456407869107,-1.2120965546548703,0.15829319386488622,1.4156290879611433,-1.8872450082352472,0.7390891543447864,0.7306247192501361,-3.706042200756526,0.1883290347397921,2.916069184995931,-4.358889810135837,0.878284550716907,1.6693642582155617,-1.3375874539640034,0.28461173748860924,0.3294145335521862,-4.300640888711293,0.4445285135090337,1.0541662026601155,-3.973604571387691,1.1195795988892536,2.083847591949276,-1.6479373051531896,0.616432896788312,2.2387615395585856,-2.6777176370710585,0.48267623916312613,1.2696752782712124,-3.758188176316786,0.19726287029968192,2.915003851645606,-0.7515354075412981,-0.05770191120626328,2.7930721930971103,-0.6878523445130227,-0.07197825102421462,1.9067608479876919,-4.166769281214971,1.061100976961101,4.836544741337938,-2.829486009267846,0.410706142825972,1.1527859172307817,-1.6548922386040446,0.5239037006472615,1.5516826498672425,-4.3521526408049915,0.6403417417082571,4.357867573395712,-3.15805331095624,0.7104782372342301,4.959445828325851,-4.22902063136204,0.5979094162662246,1.444311001355225,-0.8033722227899402,0.7722819844357068,3.452222403635163,-1.8464271716800271,0.6105655827128794,4.127964138283633,-2.650282645353115,0.7156911258398215,0.7918233272468579,-2.493864693069282,0.06034490090844119,2.5736300314029608,-2.8885364463368632,0.363799159387761,2.243616887179615,-1.2590109147404884,0.8713069821108448,1.427496299684594,-1.5872877186917393,0.8421654411659464,2.0968976537867823,-1.4723166846143227,-0.024609060010033476,0.4466428573226894,-4.127543101243202,1.1688607580286159,2.8823026491978743,-0.8430951093651398,0.6741057319197125,2.508288470431096,-1.1391884850825749,0.15179732592722645,2.6184607053436197,-1.90941545639026,0.6944370707529854,0.8486715096795574,-2.01644075600143,0.2239448401772319,2.428621055863456,-3.9918493512020214,1.009610629906592,1.9210258550048978,-2.5264672901924343,0.059901825568553474,2.131628848864695,-1.1849297970454624,-0.11961952109553575,3.595810291021191,-3.762634227991321,0.8081563050205234,0.7863185319453919,-3.69997755358854,0.2855318171291632,1.0870731869590902,-4.234702001989565,0.9452140531495257,3.6457413794063003,-2.9804460504186006,0.6860273442735831,2.5587100745227156,-3.059317321144789,0.559332989764653,4.392103042891617,-4.476036170158774,0.6237307043207815,4.664767475244163,-2.6532128944084543,0.5980786190041255,4.800696734572812,-3.631334011769484,0.6127794832248764
-0.7360970227665429,-0.6683446468798162,-0.1071289226181518,5.452637066782025,0.6722470614520072,-0.7403267568469386,-0.0004259878351910736,-5.215635825618494,-0.07902570115711706,-0.07233067180379088,0.9942450464915774,0.5350820755576579,0.0,0.0,0.0,1.0,-0.7399776329784935,-0.6655130942182677,-0.09759827926543162,5.453606778121827,0.6700778040214184,-0.7419985978318241,-0.020828283017104647,-5.221833969762334,-0.058556291287781934,-0.0808109042124528,0.9950079188182305,0.5094340348578613,0.0,0.0,0.0,1.0,3.3936831764159745,-3.8271208272130717,0.5202193033031822,3.6250456407869107,-1.2120965546548703,0.15829319386488622,1.4156290879611433,-1.8872450082352472,0.7390891543447864,0.7306247192501361,-3.706042200756526,0.1883290347397921,2.916069184995931,-4.358889810135837,0.878284550716907,1.6693642582155617,-1.3375874539640034,0.28461173748860924,0.3294145335521862,-4.300640888711293,0.4445285135090337,1.0541662026601155,-3.973604571387691,1.1195795988892536,2.083847591949276,-1.6479373051531896,0.616432896788312,2.2387615395585856,-2.6777176370710585,0.48267623916312613,1.2696752782712124,-3.758188176316786,0.19726287029968192,2.915003851645606,-0.7515354075412981,-0.05770191120626328,2.7930721930971103,-0.6878523445130227,-0.07197825102421462,1.9067608479876919,-4.166769281214971,1.061100976961101,4.836544741337938,-2.829486009267846,0.410706142825972,1.1527859172307817,-1.6548922386040446,0.5239037006472615,1.5516826498672425,-4.3521526408049915,0.6403417417082571,4.357867573395712,-3.15805331095624,0.7104782372342301,4.959445828325851,-4.22902063136204,0.5979094162662246,1.444311001355225,-0.8033722227899402,0.7722819844357068,3.452222403635163,-1.8464271716800271,0.6105655827128794,4.127964138283633,-2.650282645353115,0.7156911258398215,0.7918233272468579,-2.493864693069282,0.06034490090844119,2.5736300314029608,-2.8885364463368632,0.363799159387761,2.243616887179615,-1.2590109147404884,0.8713069821108448,1.427496299684594,-1.5872877186917393,0.8421654411659464,2.0968976537867823,-1.4723166846143227,-0.024609060010033476,0.4466428573226894,-4.127543101243202,1.1688607580286159,2.8823026491978743,-0.8430951093651398,0.6741057319197125,2.508288470431096,-1.1391884850825749,0.15179732592722645,2.6184607053436197,-1.90941545639026,0.6944370707529854,0.8486715096795574,-2.01644075600143,0.2239448401772319,2.428621055863456,-3.9918493512020214,1.009610629906592,1.9210258550048978,-2.5264672901924343,0.059901825568553474,2.131628848864695,-1.1849297970454624,-0.11961952109553575,3.595810291021191,-3.762634227991321,0.8081563050205234,0.7863185319453919,-3.69997755358854,0.2855318171291632,1.0870731869590902,-4.234702001989565,0.9452140531495257,3.6457413794063003,-2.9804460504186006,0.6860273442735831,2.5587100745227156,-3.059317321144789,0.559332989764653,4.392103042891617,-4.476036170158774,0.6237307043207815,4.664767475244163,-2.6532128944084543,0.5980786190041255,4.800696734572812,-3.631334011769484,0.6127794832248764
-0.6918940245431129,-0.7198813228402208,-0.055258843883568026,5.183566256946718,0.7148021377424358,-0.6937675140349595,0.0880030701089251,-5.245161596578341,-0.10168855727356253,0.02138965861266387,0.9945863058699608,0.5746952065596801,0.0,0.0,0.0,1.0,-0.6928441091868152,-0.7187834973060234,-0.05759621832769374,5.182388980384939,0.714308613029822,-0.6950644492030594,0.08153905080058557,-5.25,-0.09864200786957597,0.015352376186452424,0.9950045521649075,0.4984510519013923,0.0,0.0,0.0,1.0,3.3936831764159745,-3.8271208272130717,0.5202193033031822,3.6250456407869107,-1.2120965546548703,0.15829319386488622,1.4156290879611433,-1.8872450082352472,0.7390891543447864,0.7306247192501361,-3.706042200756526,0.1883290347397921,2.916069184995931,-4.358889810135837,0.878284550716907,1.6693642582155617,-1.3375874539640034,0.28461173748860924,0.3294145335521862,-4.300640888711293,0.4445285135090337,1.0541662026601155,-3.973604571387691,1.1195795988892536,2.083847591949276,-1.6479373051531896,0.616432896788312,2.2387615395585856,-2.6777176370710585,0.48267623916312613,1.2696752782712124,-3.758188176316786,0.19726287029968192,2.915003851645606,-0.7515354075412981,-0.05770191120626328,2.7930721930971103,-0.6878523445130227,-0.07197825102421462,1.9067608479876919,-4.166769281214971,1.061100976961101,4.836544741337938,-2.829486009267846,0.410706142825972,1.1527859172307817,-1.6548922386040446,0.5239037006472615,1.5516826498672425,-4.3521526408049915,0.6403417417082571,4.357867573395712,-3.15805331095624,0.7104782372342301,4.959445828325851,-4.22902063136204,0.5979094162662246,1.444311001355225,-0.8033722227899402,0.7722819844357068,3.452222403635163,-1.8464271716800271,0.6105655827128794,4.127964138283633,-2.650282645353115,0.7156911258398215,0.7918233272468579,-2.493864693069282,0.06034490090844119,2.5736300314029608,-2.8885364463368632,0.363799159387761,2.243616887179615,-1.2590109147404884,0.8713069821108448,1.427496299684594,-1.5872877186917393,0.8421654411659464,2.0968976537867823,-1.4723166846143227,-0.024609060010033476,0.4466428573226894,-4.127543101243202,1.1688607580286159,2.8823026491978743,-0.8430951093651398,0.6741057319197125,2.508288470431096,-1.1391884850825749,0.15179732592722645,2.6184607053436197,-1.90941545639026,0.6944370707529854,0.8486715096795574,-2.01644075600143,0.2239448401772319,2.428621055863456,-3.9918493512020214,1.009610629906592,1.9210258550048978,-2.5264672901924343,0.059901825568553474,2.131628848864695,-1.1849297970454624,-0.11961952109553575,3.595810291021191,-3.762634227991321,0.8081563050205234,0.7863185319453919,-3.69997755358854,0.2855318171291632,1.0870731869590902,-4.234702001989565,0.9452140531495257,3.6457413794063003,-2.9804460504186006,0.6860273442735831,2.5587100745227156,-3.059317321144789,0.559332989764653,4.392103042891617,-4.476036170158774,0.6237307043207815,4.664767475244163,-2.6532128944084543,0.5980786190041255,4.800696734572812,-3.631334011769484,0.6127794832248764
-0.6029049132685516,-0.7952497193057698,0.06390265644505466,4.708013667953512,0.7973274174549991,-0.5978077118874733,0.08303570907992215,-5.245904179827955,-0.027832623505214288,0.10101397701287253,0.9944956116126706,0.5411155521084379,0.0,0.0,0.0,1.0,-0.6030803013251463,-0.7956409868090059,0.057005002088956605,4.702388980384949,0.7970744016885888,-0.5982960397488595,0.0819405088683805,-5.25,-0.031089360339972158,0.09485393471239059,0.9950056194530909,0.4874867824487662,0.0,0.0,0.0,1.0,3.3936831764159745,-3.8271208272130717,0.5202193033031822,3.6250456407869107,-1.2120965546548703,0.15829319386488622,1.4156290879611433,-1.8872450082352472,0.7390891543447864,0.7306247192501361,-3.706042200756526,0.1883290347397921,2.916069184995931,-4.358889810135837,0.878284550716907,1.6693642582155617,-1.3375874539640034,0.28461173748860924,0.3294145335521862,-4.300640888711293,0.4445285135090337,1.0541662026601155,-3.973604571387691,1.1195795988892536,2.083847591949276,-1.6479373051531896,0.616432896788312,2.2387615395585856,-2.6777176370710585,0.48267623916312613,1.2696752782712124,-3.758188176316786,0.19726287029968192,2.915003851645606,-0.7515354075412981,-0.05770191120626328,2.7930721930971103,-0.6878523445130227,-0.07197825102421462,1.9067608479876919,-4.166769281214971,1.061100976961101,4.836544741337938,-2.829486009267846,0.410706142825972,1.1527859172307817,-1.6548922386040446,0.5239037006472615,1.5516826498672425,-4.3521526408049915,0.6403417417082571,4.357867573395712,-3.15805331095624,0.7104782372342301,4.959445828325851,-4.22902063136204,0.5979094162662246,1.444311001355225,-0.8033722227899402,0.7722819844357068,3.452222403635163,-1.8464271716800271,0.6105655827128794,4.127964138283633,-2.650282645353115,0.7156911258398215,0.7918233272468579,-2.493864693069282,0.06034490090844119,2.5736300314029608,-2.8885364463368632,0.363799159387761,2.243616887179615,-1.2590109147404884,0.8713069821108448,1.427496299684594,-1.5872877186917393,0.8421654411659464,2.0968976537867823,-1.4723166846143227,-0.024609060010033476,0.4466428573226894,-4.127543101243202,1.1688607580286159,2.8823026491978743,-0.8430951093651398,0.6741057319197125,2.508288470431096,-1.1391884850825749,0.15179732592722645,2.6184607053436197,-1.90941545639026,0.6944370707529854,0.8486715096795574,-2.01644075600143,0.2239448401772319,2.428621055863456,-3.9918493512020214,1.009610629906592,1.9210258550048978,-2.5264672901924343,0.059901825568553474,2.131628848864695,-1.1849297970454624,-0.11961952109553575,3.595810291021191,-3.762634227991321,0.8081563050205234,0.7863185319453919,-3.69997755358854,0.2855318171291632,1.0870731869590902,-4.234702001989565,0.9452140531495257,3.6457413794063003,-2.9804460504186006,0.6860273442735831,2.5587100745227156,-3.059317321144789,0.559332989764653,4.392103042891617,-4.476036170158774,0.6237307043207815,4.664767475244163,-2.6532128944084543,0.5980786190041255,4.800696734572812,-3.631334011769484,0.6127794832248764
-0.47252280729566143,-0.8752646596675555,0.10312115264321421,4.211777443849516,0.8787588414482704,-0.4768252856991676,-0.02050720591403084,-5.2466551925098495,0.06712000567580488,0.08092850211727289,0.9944573808782027,0.5347005453037995,0.0,0.0,0.0,1.0,-0.4761930485903876,-0.8741091503923984,0.09577773057695878,4.2223889803849595,0.8765085226725048,-0.4805702400186648,-0.02801881672851777,-5.25,0.07051943105737705,0.07060763137708709,0.9950083277212615,0.47667369052425995,0.0,0.0,0.0,1.0,3.3936831764159745,-3.8271208272130717,0.5202193033031822,3.6250456407869107,-1.2120965546548703,0.15829319386488622,1.4156290879611433,-1.8872450082352472,0.7390891543447864,0.7306247192501361,-3.706042200756526,0.1883290347397921,2.916069184995931,-4.358889810135837,0.878284550716907,1.6693642582155617,-1.3375874539640034,0.28461173748860924,0.3294145335521862,-4.300640888711293,0.4445285135090337,1.0541662026601155,-3.973604571387691,1.1195795988892536,2.083847591949276,-1.6479373051531896,0.616432896788312,2.2387615395585856,-2.6777176370710585,0.48267623916312613,1.2696752782712124,-3.758188176316786,0.19726287029968192,2.915003851645606,-0.7515354075412981,-0.05770191120626328,2.7930721930971103,-0.6878523445130227,-0.07197825102421462,1.9067608479876919,-4.166769281214971,1.061100976961101,4.836544741337938,-2.829486009267846,0.410706142825972,1.1527859172307817,-1.6548922386040446,0.5239037006472615,1.5516826498672425,-4.3521526408049915,0.6403417417082571,4.357867573395712,-3.15805331095624,0.7104782372342301,4.959445828325851,-4.22902063136204,0.5979094162662246,1.444311001355225,-0.8033722227899402,0.7722819844357068,3.452222403635163,-1.8464271716800271,0.6105655827128794,4.127964138283633,-2.650282645353115,0.7156911258398215,0.7918233272468579,-2.493864693069282,0.06034490090844119,2.5736300314029608,-2.8885364463368632,0.363799159387761,2.243616887179615,-1.2590109147404884,0.8713069821108448,1.427496299684594,-1.5872877186917393,0.8421654411659464,2.0968976537867823,-1.4723166846143227,-0.024609060010033476,0.4466428573226894,-4.127543101243202,1.1688607580286159,2.8823026491978743,-0.8430951093651398,0.6741057319197125,2.508288470431096,-1.1391884850825749,0.15179732592722645,2.6184607053436197,-1.90941545639026,0.6944370707529854,0.8486715096795574,-2.01644075600143,0.2239448401772319,2.428621055863456,-3.9918493512020214,1.009610629906592,1.9210258550048978,-2.5264672901924343,0.059901825568553474,2.131628848864695,-1.1849297970454624,-0.11961952109553575,3.595810291021191,-3.762634227991321,0.8081563050205234,0.7863185319453919,-3.69997755358854,0.2855318171291632,1.0870731869590902,-4.234702001989565,0.9452140531495257,3.6457413794063003,-2.9804460504186006,0.6860273442735831,2.5587100745227156,-3.059317321144789,0.559332989764653,4.392103042891617,-4.476036170158774,0.6237307043207815,4.664767475244163,-2.6532128944084543,0.5980786190041255,4.800696734572812,-3.631334011769484,0.6127794832248764
-0.3038755318212214,-0.9526804565276983,-0.007720680704868292,3.718402560177003,0.9513116150039226,-0.3029797962223507,-0.05665204532664102,-5.240575247187108,0.051632086138353385,-0.02455994363267089,0.9983641303901909,0.5554109166408453,0.0,0.0,0.0,1.0,-0.3119176143748007,-0.9501089803123712,0.0005721647663100571,3.7423889803849697,0.9453462415072087,-0.3104141341907767,-0.09981757842577278,-5.25,0.0950151856859097,-0.03059396712388253,0.9950055897655524,0.46614241371183535,0.0,0.0,0.0,1.0,3.3936831764159745,-3.8271208272130717,0.5202193033031822,3.6250456407869107,-1.2120965546548703,0.15829319386488622,1.4156290879611433,-1.8872450082352472,0.7390891543447864,0.7306247192501361,-3.706042200756526,0.1883290347397921,2.916069184995931,-4.358889810135837,0.878284550716907,1.6693642582155617,-1.3375874539640034,0.28461173748860924,0.3294145335521862,-4.300640888711293,0.4445285135090337,1.0541662026601155,-3.973604571387691,1.1195795988892536,2.083847591949276,-1.6479373051531896,0.616432896788312,2.2387615395585856,-2.6777176370710585,0.48267623916312613,1.2696752782712124,-3.758188176316786,0.19726287029968192,2.915003851645606,-0.7515354075412981,-0.05770191120626328,2.7930721930971103,-0.6878523445130227,-0.07197825102421462,1.9067608479876919,-4.166769281214971,1.061100976961101,4.836544741337938,-2.829486009267846,0.410706142825972,1.1527859172307817,-1.6548922386040446,0.5239037006472615,1.5516826498672425,-4.3521526408049915,0.6403417417082571,4.357867573395712,-3.15805331095624,0.7104782372342301,4.959445828325851,-4.22902063136204,0.5979094162662246,1.444311001355225,-0.8033722227899402,0.7722819844357068,3.452222403635163,-1.8464271716800271,0.6105655827128794,4.127964138283633,-2.650282645353115,0.7156911258398215,0.7918233272468579,-2.493864693069282,0.06034490090844119,2.5736300314029608,-2.8885364463368632,0.363799159387761,2.243616887179615,-1.2590109147404884,0.8713069821108448,1.427496299684594,-1.5872877186917393,0.8421654411659464,2.0968976537867823,-1.4723166846143227,-0.024609060010033476,0.4466428573226894,-4.127543101243202,1.1688607580286159,2.8823026491978743,-0.8430951093651398,0.6741057319197125,2.508288470431096,-1.1391884850825749,0.15179732592722645,2.6184607053436197,-1.90941545639026,0.6944370707529854,0.8486715096795574,-2.01644075600143,0.2239448401772319,2.428621055863456,-3.9918493512020214,1.009610629906592,1.9210258550048978,-2.5264672901924343,0.059901825568553474,2.131628848864695,-1.1849297970454624,-0.11961952109553575,3.595810291021191,-3.762634227991321,0.8081563050205234,0.7863185319453919,-3.69997755358854,0.2855318171291632,1.0870731869590902,-4.234702001989565,0.9452140531495257,3.6457413794063003,-2.9804460504186006,0.6860273442735831,2.5587100745227156,-3.059317321144789,0.559332989764653,4.392103042891617,-4.476036170158774,0.6237307043207815,4.664767475244163,-2.6532128944084543,0.5980786190041255,4.800696734572812,-3.631334011769484,0.6127794832248764
-0.10971404237752819,-0.9897143209614533,-0.0918062731461849,3.2547829185704042,0.9939341164713171,-0.10994833389018946,-0.002517139081172846,-5.234282373239094,-0.007602698176602145,-0.09152555248989956,0.9957737053275983,0.5086225851626265,0.0,0.0,0.0,1.0,-0.11581789244256357,-0.9886107237192896,-0.09609918177271318,3.26238898038498,0.9931448249595964,-0.1137211707043847,-0.02703427434935938,-5.25,0.01579786207481959,-0.09857145773927856,0.9950045704784569,0.4560201848666656,0.0,0.0,0.0,1.0,3.3936831764159745,-3.8271208272130717,0.5202193033031822,3.6250456407869107,-1.2120965546548703,0.15829319386488622,1.4156290879611433,-1.8872450082352472,0.7390891543447864,0.7306247192501361,-3.706042200756526,0.1883290347397921,2.916069184995931,-4.358889810135837,0.878284550716907,1.6693642582155617,-1.3375874539640034,0.28461173748860924,0.3294145335521862,-4.300640888711293,0.4445285135090337,1.0541662026601155,-3.973604571387691,1.1195795988892536,2.083847591949276,-1.6479373051531896,0.616432896788312,2.2387615395585856,-2.6777176370710585,0.48267623916312613,1.2696752782712124,-3.758188176316786,0.19726287029968192,2.915003851645606,-0.7515354075412981,-0.05770191120626328,2.7930721930971103,-0.6878523445130227,-0.07197825102421462,1.9067608479876919,-4.166769281214971,1.061100976961101,4.836544741337938,-2.829486009267846,0.410706142825972,1.1527859172307817,-1.6548922386040446,0.5239037006472615,1.5516826498672425,-4.3521526408049915,0.6403417417082571,4.357867573395712,-3.15805331095624,0.7104782372342301,4.959445828325851,-4.22902063136204,0.5979094162662246,1.444311001355225,-0.8033722227899402,0.7722819844357068,3.452222403635163,-1.8464271716800271,0.6105655827128794,4.127964138283633,-2.650282645353115,0.7156911258398215,0.7918233272468579,-2.493864693069282,0.06034490090844119,2.5736300314029608,-2.8885364463368632,0.363799159387761,2.243616887179615,-1.2590109147404884,0.8713069821108448,1.427496299684594,-1.5872877186917393,0.8421654411659464,2.0968976537867823,-1.4723166846143227,-0.024609060010033476,0.4466428573226894,-4.127543101243202,1.1688607580286159,2.8823026491978743,-0.8430951093651398,0.6741057319197125,2.508288470431096,-1.1391884850825749,0.15179732592722645,2.6184607053436197,-1.90941545639026,0.6944370707529854,0.8486715096795574,-2.01644075600143,0.2239448401772319,2.428621055863456,-3.9918493512020214,1.009610629906592,1.9210258550048978,-2.5264672901924343,0.059901825568553474,2.131628848864695,-1.1849297970454624,-0.11961952109553575,3.595810291021191,-3.762634227991321,0.8081563050205234,0.7863185319453919,-3.69997755358854,0.2855318171291632,1.0870731869590902,-4.234702001989565,0.9452140531495257,3.6457413794063003,-2.9804460504186006,0.6860273442735831,2.5587100745227156,-3.059317321144789,0.559332989764653,4.392103042891617,-4.476036170158774,0.6237307043207815,4.664767475244163,-2.6532128944084543,0.5980786190041255,4.800696734572812,-3.631334011769484,0.6127794832248764
0.09910367123841822,-0.9942649582554035,-0.04019521280512123,2.774288903113286,0.9906253036019212,0.09476308944865054,0.09839443450596232,-5.242021304606006,-0.09402111577017533,-0.04956964457738594,0.9943353961947664,0.5303629902550954,0.0,0.0,0.0,1.0,0.09595260078852752,-0.9940873462240558,-0.05082761532013793,2.78238898038496,0.9921067056075912,0.09137027019569488,0.08588223572321743,-5.25,-0.08073031085267815,-0.05866704186832808,0.9950079372085682,0.4464292949606454,0.0,0.0,0.0,1.0,3.3936831764159745,-3.8271208272130717,0.5202193033031822,3.6250456407869107,-1.2120965546548703,0.15829319386488622,1.4156290879611433,-1.8872450082352472,0.7390891543447864,0.7306247192501361,-3.706042200756526,0.1883290347397921,2.916069184995931,-4.358889810135837,0.878284550716907,1.6693642582155617,-1.3375874539640034,0.28461173748860924,0.3294145335521862,-4.300640888711293,0.4445285135090337,1.0541662026601155,-3.973604571387691,1.1195795988892536,2.083847591949276,-1.6479373051531896,0.616432896788312,2.2387615395585856,-2.6777176370710585,0.48267623916312613,1.2696752782712124,-3.758188176316786,0.19726287029968192,2.915003851645606,-0.7515354075412981,-0.05770191120626328,2.7930721930971103,-0.6878523445130227,-0.07197825102421462,1.9067608479876919,-4.166769281214971,1.061100976961101,4.836544741337938,-2.829486009267846,0.410706142825972,1.1527859172307817,-1.6548922386040446,0.5239037006472615,1.5516826498672425,-4.3521526408049915,0.6403417417082571,4.357867573395712,-3.15805331095624,0.7104782372342301,4.959445828325851,-4.22902063136204,0.5979094162662246,1.444311001355225,-0.8033722227899402,0.7722819844357068,3.452222403635163,-1.8464271716800271,0.6105655827128794,4.127964138283633,-2.650282645353115,0.7156911258398215,0.7918233272468579,-2.493864693069282,0.06034490090844119,2.5736300314029608,-2.8885364463368632,0.363799159387761,2.243616887179615,-1.2590109147404884,0.8713069821108448,1.427496299684594,-1.5872877186917393,0.8421654411659464,2.0968976537867823,-1.4723166846143227,-0.024609060010033476,0.4466428573226894,-4.127543101243202,1.1688607580286159,2.8823026491978743,-0.8430951093651398,0.6741057319197125,2.508288470431096,-1.1391884850825749,0.15179732592722645,2.6184607053436197,-1.90941545639026,0.6944370707529854,0.8486715096795574,-2.01644075600143,0.2239448401772319,2.428621055863456,-3.9918493512020214,1.009610629906592,1.9210258550048978,-2.5264672901924343,0.059901825568553474,2.131628848864695,-1.1849297970454624,-0.11961952109553575,3.595810291021191,-3.762634227991321,0.8081563050205234,0.7863185319453919,-3.69997755358854,0.2855318171291632,1.0870731869590902,-4.234702001989565,0.9452140531495257,3.6457413794063003,-2.9804460504186006,0.6860273442735831,2.5587100745227156,-3.059317321144789,0.559332989764653,4.392103042891617,-4.476036170158774,0.6237307043207815,4.664767475244163,-2.6532128944084543,0.5980786190041255,4.800696734572812,-3.631334011769484,0.6127794832248764
0.2957549860754323,-0.9516693527848211,0.0827914922056623,2.299413396247787,0.9507862747581983,0.301642651891758,0.07083198635598992,-5.2428311200914,-0.09238207587485979,0.057768101317483146,0.9940464770458289,0.5140540524965104,0.0,0.0,0.0,1.0,0.29496550801196453,-0.9529710202724473,0.0695814889473805,2.302388980384885,0.9513502143258592,0.29968824440405006,0.07155225969988613,-5.25,-0.08903998419465986,0.04509091579142193,0.9950068796383801,0.4374856156329051,0.0,0.0,0.0,1.0,3.3936831764159745,-3.8271208272130717,0.5202193033031822,3.6250456407869107,-1.2120965546548703,0.15829319386488622,1.4156290879611433,-1.8872450082352472,0.7390891543447864,0.7306247192501361,-3.706042200756526,0.1883290347397921,2.916069184995931,-4.358889810135837,0.878284550716907,1.6693642582155617,-1.3375874539640034,0.28461173748860924,0.3294145335521862,-4.300640888711293,0.4445285135090337,1.0541662026601155,-3.973604571387691,1.1195795988892536,2.083847591949276,-1.6479373051531896,0.616432896788312,2.2387615395585856,-2.6777176370710585,0.48267623916312613,1.2696752782712124,-3.758188176316786,0.19726287029968192,2.915003851645606,-0.7515354075412981,-0.05770191120626328,2.7930721930971103,-0.6878523445130227,-0.07197825102421462,1.9067608479876919,-4.166769281214971,1.061100976961101,4.836544741337938,-2.829486009267846,0.410706142825972,1.1527859172307817,-1.6548922386040446,0.5239037006472615,1.5516826498672425,-4.3521526408049915,0.6403417417082571,4.357867573395712,-3.15805331095624,0.7104782372342301,4.959445828325851,-4.22902063136204,0.5979094162662246,1.444311001355225,-0.8033722227899402,0.7722819844357068,3.452222403635163,-1.8464271716800271,0.6105655827128794,4.127964138283633,-2.650282645353115,0.7156911258398215,0.7918233272468579,-2.493864693069282,0.06034490090844119,2.5736300314029608,-2.8885364463368632,0.363799159387761,2.243616887179615,-1.2590109147404884,0.8713069821108448,1.427496299684594,-1.5872877186917393,0.8421654411659464,2.0968976537867823,-1.4723166846143227,-0.024609060010033476,0.4466428573226894,-4.127543101243202,1.1688607580286159,2.8823026491978743,-0.8430951093651398,0.6741057319197125,2.508288470431096,-1.1391884850825749,0.15179732592722645,2.6184607053436197,-1.90941545639026,0.6944370707529854,0.8486715096795574,-2.01644075600143,0.2239448401772319,2.428621055863456,-3.9918493512020214,1.009610629906592,1.9210258550048978,-2.5264672901924343,0.059901825568553474,2.131628848864695,-1.1849297970454624,-0.11961952109553575,3.595810291021191,-3.762634227991321,0.8081563050205234,0.7863185319453919,-3.69997755358854,0.2855318171291632,1.0870731869590902,-4.234702001989565,0.9452140531495257,3.6457413794063003,-2.9804460504186006,0.6860273442735831,2.5587100745227156,-3.059317321144789,0.559332989764653,4.392103042891617,-4.476036170158774,0.6237307043207815,4.664767475244163,-2.6532128944084543,0.5980786190041255,4.800696734572812,-3.631334011769484,0.6127794832248764
0.46558156515497284,-0.8789385030397133,0.10344522251971286,1.8168157731626766,0.8849947108363494,0.46294771855070915,-0.049636394715772476,-5.238298608201955,-0.004262391292702542,0.11465826513165421,0.9933958497283283,0.4811946612719736,0.0,0.0,0.0,1.0,0.4637102071838398,-0.8815555347610453,0.08850244564806035,1.82238898038481,0.8859869250413228,0.46140344656628507,-0.046195542561752394,-5.25,-0.00011139722495810689,0.09983335429064188,0.9950041652986873,0.42929719929502835,0.0,0.0,0.0,1.0,3.3936831764159745,-3.8271208272130717,0.5202193033031822,3.6250456407869107,-1.2120965546548703,0.15829319386488622,1.4156290879611433,-1.8872450082352472,0.7390891543447864,0.7306247192501361,-3.706042200756526,0.1883290347397921,2.916069184995931,-4.358889810135837,0.878284550716907,1.6693642582155617,-1.3375874539640034,0.28461173748860924,0.3294145335521862,-4.300640888711293,0.4445285135090337,1.0541662026601155,-3.973604571387691,1.1195795988892536,2.083847591949276,-1.6479373051531896,0.616432896788312,2.2387615395585856,-2.6777176370710585,0.48267623916312613,1.2696752782712124,-3.758188176316786,0.19726287029968192,2.915003851645606,-0.7515354075412981,-0.05770191120626328,2.7930721930971103,-0.6878523445130227,-0.07197825102421462,1.9067608479876919,-4.166769281214971,1.061100976961101,4.836544741337938,-2.829486009267846,0.410706142825972,1.1527859172307817,-1.6548922386040446,0.5239037006472615,1.5516826498672425,-4.3521526408049915,0.6403417417082571,4.357867573395712,-3.15805331095624,0.7104782372342301,4.959445828325851,-4.22902063136204,0.5979094162662246,1.444311001355225,-0.8033722227899402,0.7722819844357068,3.452222403635163,-1.8464271716800271,0.6105655827128794,4.127964138283633,-2.650282645353115,0.7156911258398215,0.7918233272468579,-2.493864693069282,0.06034490090844119,2.5736300314029608,-2.8885364463368632,0.363799159387761,2.243616887179615,-1.2590109147404884,0.8713069821108448,1.427496299684594,-1.5872877186917393,0.8421654411659464,2.0968976537867823,-1.4723166846143227,-0.024609060010033476,0.4466428573226894,-4.127543101243202,1.1688607580286159,2.8823026491978743,-0.8430951093651398,0.6741057319197125,2.508288470431096,-1.1391884850825749,0.15179732592722645,2.6184607053436197,-1.90941545639026,0.6944370707529854,0.8486715096795574,-2.01644075600143,0.2239448401772319,2.428621055863456,-3.9918493512020214,1.009610629906592,1.9210258550048978,-2.5264672901924343,0.059901825568553474,2.131628848864695,-1.1849297970454624,-0.11961952109553575,3.595810291021191,-3.762634227991321,0.8081563050205234,0.7863185319453919,-3.69997755358854,0.2855318171291632,1.0870731869590902,-4.234702001989565,0.9452140531495257,3.6457413794063003,-2.9804460504186006,0.6860273442735831,2.5587100745227156,-3.059317321144789,0.559332989764653,4.392103042891617,-4.476036170158774,0.6237307043207815,4.664767475244163,-2.6532128944084543,0.5980786190041255,4.800696734572812,-3.631334011769484,0.6127794832248764
0.5956691569520409,-0.8031855144309212,-0.008443036443201038,1.3285956502516094,0.7979935925196838,0.5929515418533333,-0.10777149582001778,-5.240844121582045,0.09156681578811078,0.05745866707548579,0.9941398391696886,0.5660992005648351,0.0,0.0,0.0,1.0,0.5907826819430109,-0.806670257365633,-0.01609094770007803,1.3423889803847349,0.8019137292416765,0.589263960453791,-0.09850053687173685,-5.25,0.08893926899817979,0.04528885946870878,0.9950068972816686,0.42196297370369384,0.0,0.0,0.0,1.0,3.3936831764159745,-3.8271208272130717,0.5202193033031822,3.6250456407869107,-1.2120965546548703,0.15829319386488622,1.4156290879611433,-1.8872450082352472,0.7390891543447864,0.7306247192501361,-3.706042200756526,0.1883290347397921,2.916069184995931,-4.358889810135837,0.878284550716907,1.6693642582155617,-1.3375874539640034,0.28461173748860924,0.3294145335521862,-4.300640888711293,0.4445285135090337,1.0541662026601155,-3.973604571387691,1.1195795988892536,2.083847591949276,-1.6479373051531896,0.616432896788312,2.2387615395585856,-2.6777176370710585,0.48267623916312613,1.2696752782712124,-3.758188176316786,0.19726287029968192,2.915003851645606,-0.7515354075412981,-0.05770191120626328,2.7930721930971103,-0.6878523445130227,-0.07197825102421462,1.9067608479876919,-4.166769281214971,1.061100976961101,4.836544741337938,-2.829486009267846,0.410706142825972,1.1527859172307817,-1.6548922386040446,0.5239037006472615,1.5516826498672425,-4.3521526408049915,0.6403417417082571,4.357867573395712,-3.15805331095624,0.7104782372342301,4.959445828325851,-4.22902063136204,0.5979094162662246,1.444311001355225,-0.8033722227899402,0.7722819844357068,3.452222403635163,-1.8464271716800271,0.6105655827128794,4.127964138283633,-2.650282645353115,0.7156911258398215,0.7918233272468579,-2.493864693069282,0.06034490090844119,2.5736300314029608,-2.8885364463368632,0.363799159387761,2.243616887179615,-1.2590109147404884,0.8713069821108448,1.427496299684594,-1.5872877186917393,0.8421654411659464,2.0968976537867823,-1.4723166846143227,-0.024609060010033476,0.4466428573226894,-4.127543101243202,1.1688607580286159,2.8823026491978743,-0.8430951093651398,0.6741057319197125,2.508288470431096,-1.1391884850825749,0.15179732592722645,2.6184607053436197,-1.90941545639026,0.6944370707529854,0.8486715096795574,-2.01644075600143,0.2239448401772319,2.428621055863456,-3.9918493512020214,1.009610629906592,1.9210258550048978,-2.5264672901924343,0.059901825568553474,2.131628848864695,-1.1849297970454624,-0.11961952109553575,3.595810291021191,-3.762634227991321,0.8081563050205234,0.7863185319453919,-3.69997755358854,0.2855318171291632,1.0870731869590902,-4.234702001989565,0.9452140531495257,3.6457413794063003,-2.9804460504186006,0.6860273442735831,2.5587100745227156,-3.059317321144789,0.559332989764653,4.392103042891617,-4.476036170158774,0.6237307043207815,4.664767475244163,-2.6532128944084543,0.5980786190041255,4.800696734572812,-3.631334011769484,0.6127794832248764
0.6871286563073553,-0.7230155558707873,-0.0714332951088207,0.8721606572316976,0.7251712708437414,0.6885381372237441,0.006470048788750719,-5.231343901276392,0.04450660202847168,-0.056247129325076854,0.9974243945375342,0.7470363180755824,0.0,0.0,0.0,1.0,0.6865128213867802,-0.7204642383741349,-0.09813983541631265,0.8623889803846598,0.7226075436298105,0.6910213735001833,-0.018105227289699904,-5.25,0.08086089265432654,-0.058487114733914755,0.9950079263248346,0.4155715467721767,0.0,0.0,0.0,1.0,3.3936831764159745,-3.8271208272130717,0.5202193033031822,3.6250456407869107,-1.2120965546548703,0.15829319386488622,1.4156290879611433,-1.8872450082352472,0.7390891543447864,0.7306247192501361,-3.706042200756526,0.1883290347397921,2.916069184995931,-4.358889810135837,0.878284550716907,1.6693642582155617,-1.3375874539640034,0.28461173748860924,0.3294145335521862,-4.300640888711293,0.4445285135090337,1.0541662026601155,-3.973604571387691,1.1195795988892536,2.083847591949276,-1.6479373051531896,0.616432896788312,2.2387615395585856,-2.6777176370710585,0.48267623916312613,1.2696752782712124,-3.758188176316786,0.19726287029968192,2.915003851645606,-0.7515354075412981,-0.05770191120626328,2.7930721930971103,-0.6878523445130227,-0.07197825102421462,1.9067608479876919,-4.166769281214971,1.061100976961101,4.836544741337938,-2.829486009267846,0.410706142825972,1.1527859172307817,-1.6548922386040446,0.5239037006472615,1.5516826498672425,-4.3521526408049915,0.6403417417082571,4.357867573395712,-3.15805331095624,0.7104782372342301,4.959445828325851,-4.22902063136204,0.5979094162662246,1.444311001355225,-0.8033722227899402,0.7722819844357068,3.452222403635163,-1.8464271716800271,0.6105655827128794,4.127964138283633,-2.650282645353115,0.7156911258398215,0.7918233272468579,-2.493864693069282,0.06034490090844119,2.5736300314029608,-2.8885364463368632,0.363799159387761,2.243616887179615,-1.2590109147404884,0.8713069821108448,1.427496299684594,-1.5872877186917393,0.8421654411659464,2.0968976537867823,-1.4723166846143227,-0.024609060010033476,0.4466428573226894,-4.127543101243202,1.1688607580286159,2.8823026491978743,-0.8430951093651398,0.6741057319197125,2.508288470431096,-1.1391884850825749,0.15179732592722645,2.6184607053436197,-1.90941545639026,0.6944370707529854,0.8486715096795574,-2.01644075600143,0.2239448401772319,2.428621055863456,-3.9918493512020214,1.009610629906592,1.9210258550048978,-2.5264672901924343,0.059901825568553474,2.131628848864695,-1.1849297970454624,-0.11961952109553575,3.595810291021191,-3.762634227991321,0.8081563050205234,0.7863185319453919,-3.69997755358854,0.2855318171291632,1.0870731869590902,-4.234702001989565,0.9452140531495257,3.6457413794063003,-2.9804460504186006,0.6860273442735831,2.5587100745227156,-3.059317321144789,0.559332989764653,4.392103042891617,-4.476036170158774,0.6237307043207815,4.664767475244163,-2.6532128944084543,0.5980786190041255,4.800696734572812,-3.631334011769484,0.6127794832248764
