Pose: [[0.7285703748623258, -0.6849709547659448, 0.0, 0.4072477268836128], [0.6849709547659448, 0.7285703748623258, 0.0, -1.400299375976966], [0.0, 0.0, 1.0, -0.15561352626420596], [0.0, 0.0, 0.0, 1.0]]; theta_Rho: [[0.033377163112163544, 2.126479148864746]]; s_p: [[2.119596481323242, -0.07077240198850632, 0.15561352670192719]]; w_p: [[2.0, 0.0, 0.0]]
Pose: [[0.7285703748623258, -0.6849709547659448, 0.0, 0.4072477268836128], [0.6849709547659448, 0.7285703748623258, 0.0, -1.400299375976966], [0.0, 0.0, 1.0, -0.15561352626420596], [0.0, 0.0, 0.0, 1.0]]; theta_Rho: [[0.033377163112163544, 2.126479148864746]]; s_p: [[2.119596481323242, -0.07077240198850632, 0.15561352670192719]]; w_p: [[2.0, 0.0, 0.0]]
Pose: [[0.7285703748623258, -0.6849709547659448, 0.0, 0.4072477268836128], [0.6849709547659448, 0.7285703748623258, 0.0, -1.400299375976966], [0.0, 0.0, 1.0, -0.15561352626420596], [0.0, 0.0, 0.0, 1.0]]; theta_Rho: [[0.033377163112163544, 2.126479148864746]]; s_p: [[2.119596481323242, -0.07077240198850632, 0.15561352670192719]]; w_p: [[2.0, 0.0, 0.0]]
Pose: [[0.7285703748623258, -0.6849709547659448, 0.0, 0.4072477268836128], [0.6849709547659448, 0.7285703748623258, 0.0, -1.400299375976966], [0.0, 0.0, 1.0, -0.15561352626420596], [0.0, 0.0, 0.0, 1.0]]; theta_Rho: [[0.033377163112163544, 2.126479148864746]]; s_p: [[2.119596481323242, -0.07077240198850632, 0.15561352670192719]]; w_p: [[2.0, 0.0, 0.0]]
Pose: [[0.7285703748623258, -0.6849709547659448, 0.0, 0.4072477268836128], [0.6849709547659448, 0.7285703748623258, 0.0, -1.400299375976966], [0.0, 0.0, 1.0, -0.15561352626420596], [0.0, 0.0, 0.0, 1.0]]; theta_Rho: [[0.033377163112163544, 2.126479148864746]]; s_p: [[2.119596481323242, -0.07077240198850632, 0.15561352670192719]]; w_p: [[2.0, 0.0, 0.0]]
Pose: [[0.732777826656456, -0.6804679689453729, 0.0, 0.4072477268836128], [0.6804679689453729, 0.732777826656456, 0.0, -1.400299375976966], [0.0, 0.0, 1.0, -0.15561352626420596], [0.0, 0.0, 0.0, 1.0]]; theta_Rho: [[0.027214400470256805, 2.126479148864746]]; s_p: [[2.11999249458313, -0.05770857259631157, 0.15561352670192719]]; w_p: [[2.0, 0.0, 0.0]]
Pose: [[0.7344950365039034, -0.678614059205326, 0.0, 0.4072477268836128], [0.678614059205326, 0.7344950365039034, 0.0, -1.400299375976966], [0.0, 0.0, 1.0, -0.15561352626420596], [0.0, 0.0, 0.0, 1.0]]; theta_Rho: [[0.02468738704919815, 2.126479148864746]]; s_p: [[2.120131492614746, -0.05235114321112633, 0.15561352670192719]]; w_p: [[2.0, 0.0, 0.0]]
Pose: [[0.737089522341742, -0.6757951139613416, 0.0, 0.4072477268836128], [0.6757951139613416, 0.737089522341742, 0.0, -1.400299375976966], [0.0, 0.0, 1.0, -0.15561352626420596], [0.0, 0.0, 0.0, 1.0]]; theta_Rho: [[0.0208562221378088, 2.126479148864746]]; s_p: [[2.120316505432129, -0.0442282073199749, 0.15561352670192719]]; w_p: [[2.0, 0.0, 0.0]]
Pose: [[0.8129860965197631, -0.5822830985573586, 0.0, 0.4072477268836128], [0.5822830985573586, 0.8129860965197631, 0.0, -1.400299375976966], [0.0, 0.0, 1.0, -0.13423375208862162], [0.0, 0.0, 0.0, 1.0]]; theta_Rho: [[-0.09965250641107559, 2.1250216960906982]]; s_p: [[2.1102561950683594, 0.21099118888378143, 0.134233757853508]]; w_p: [[2.0, 0.0, 0.0]]
Pose: [[0.8534579837797928, -0.5211616543094196, 0.0, 0.4072477268836128], [0.5211616543094196, 0.8534579837797928, 0.0, -1.400299375976966], [0.0, 0.0, 1.0, -0.10844037485308991], [0.0, 0.0, 0.0, 1.0]]; theta_Rho: [[-0.17297516763210297, 2.1235482692718506]]; s_p: [[2.0891294479370117, 0.36501526832580566, 0.10844037681818008]]; w_p: [[2.0, 0.0, 0.0]]
Pose: [[0.8502880425267616, -0.5263176272328414, 0.0, 0.4072477268836128], [0.5263176272328414, 0.8502880425267616, 0.0, -1.400299375976966], [0.0, 0.0, 1.0, -0.10844037485308991], [0.0, 0.0, 0.0, 1.0]]; theta_Rho: [[-0.1669226735830307, 2.1235482692718506]]; s_p: [[2.0913004875183105, 0.3523642122745514, 0.10844037681818008]]; w_p: [[2.0, 0.0, 0.0]]
Pose: [[0.8423186057740881, -0.538979931321006, 0.0, 0.4072477268836128], [0.538979931321006, 0.8423186057740881, 0.0, -1.400299375976966], [0.0, 0.0, 1.0, -0.10844037485308991], [0.0, 0.0, 0.0, 1.0]]; theta_Rho: [[-0.1519610583782196, 2.1235482692718506]]; s_p: [[2.0963380336761475, 0.321036696434021, 0.10844037681818008]]; w_p: [[2.0, 0.0, 0.0]]
Pose: [[0.8460092192378003, -0.5331682670270688, 0.0, 0.4072477268836128], [0.5331682670270688, 0.8460092192378003, 0.0, -1.400299375976966], [0.0, 0.0, 1.0, -0.10844037485308991], [0.0, 0.0, 0.0, 1.0]]; theta_Rho: [[-0.15884554386138916, 2.1235482692718506]]; s_p: [[2.094078302383423, 0.33546119928359985, 0.10844037681818008]]; w_p: [[2.0, 0.0, 0.0]]
Pose: [[0.8472202481910638, -0.5312418009297389, 0.0, 0.4072477268836128], [0.5312418009297389, 0.8472202481910638, 0.0, -1.400299375976966], [0.0, 0.0, 1.0, -0.10844037485308991], [0.0, 0.0, 0.0, 1.0]]; theta_Rho: [[-0.16112104058265686, 2.1235482692718506]]; s_p: [[2.0933096408843994, 0.3402253985404968, 0.10844037681818008]]; w_p: [[2.0, 0.0, 0.0]]
Pose: [[0.8484268903541634, -0.5293125841352768, 0.0, 0.4072477268836128], [0.5293125841352768, 0.8484268903541634, 0.0, -1.400299375976966], [0.0, 0.0, 1.0, -0.10844037485308991], [0.0, 0.0, 0.0, 1.0]]; theta_Rho: [[-0.16339653730392456, 2.1235482692718506]]; s_p: [[2.0925300121307373, 0.34498780965805054, 0.10844037681818008]]; w_p: [[2.0, 0.0, 0.0]]
Pose: [[0.8486616835211461, -0.5289360518276798, 0.0, 0.4072477268836128], [0.5289360518276798, 0.8486616835211461, 0.0, -1.400299375976966], [0.0, 0.0, 1.0, -0.10844037485308991], [0.0, 0.0, 0.0, 1.0]]; theta_Rho: [[-0.16384026408195496, 2.1235482692718506]]; s_p: [[2.092376708984375, 0.3459163308143616, 0.10844037681818008]]; w_p: [[2.0, 0.0, 0.0]]
Pose: [[0.8218421746789102, -0.5697152270380701, 0.0, 0.4072477268836128], [0.5697152270380701, 0.8218421746789102, 0.0, -1.400299375976966], [0.0, 0.0, 1.0, -0.10866479833610401], [0.0, 0.0, 0.0, 1.0]]; theta_Rho: [[-0.11502736061811447, 2.1235597133636475]]; s_p: [[2.1067628860473633, 0.24340985715389252, 0.10866479575634003]]; w_p: [[2.0, 0.0, 0.0]]
Pose: [[0.8218421746789102, -0.5697152270380701, 0.0, 0.4072477268836128], [0.5697152270380701, 0.8218421746789102, 0.0, -1.400299375976966], [0.0, 0.0, 1.0, -0.10877701007761106], [0.0, 0.0, 0.0, 1.0]]; theta_Rho: [[-0.11502736061811447, 2.123565435409546]]; s_p: [[2.1067628860473633, 0.24340985715389252, 0.1087770089507103]]; w_p: [[2.0, 0.0, 0.0]]
Pose: [[0.8218421746789102, -0.5697152270380701, 0.0, 0.4072477268836128], [0.5697152270380701, 0.8218421746789102, 0.0, -1.400299375976966], [0.0, 0.0, 1.0, -0.10888922181911811], [0.0, 0.0, 0.0, 1.0]]; theta_Rho: [[-0.11502736061811447, 2.1235713958740234]]; s_p: [[2.1067628860473633, 0.24340985715389252, 0.10888922214508057]]; w_p: [[2.0, 0.0, 0.0]]
Pose: [[0.8218421746789102, -0.5697152270380701, 0.0, 0.4072477268836128], [0.5697152270380701, 0.8218421746789102, 0.0, -1.400299375976966], [0.0, 0.0, 1.0, -0.10900143356062517], [0.0, 0.0, 0.0, 1.0]]; theta_Rho: [[-0.11502736061811447, 2.123577117919922]]; s_p: [[2.1067628860473633, 0.24340985715389252, 0.10900143533945084]]; w_p: [[2.0, 0.0, 0.0]]
Pose: [[0.8218421746789102, -0.5697152270380701, 0.0, 0.4072477268836128], [0.5697152270380701, 0.8218421746789102, 0.0, -1.400299375976966], [0.0, 0.0, 1.0, -0.10911364530213222], [0.0, 0.0, 0.0, 1.0]]; theta_Rho: [[-0.11502736061811447, 2.1235828399658203]]; s_p: [[2.1067628860473633, 0.24340985715389252, 0.1091136485338211]]; w_p: [[2.0, 0.0, 0.0]]
Pose: [[0.8218421746789102, -0.5697152270380701, 0.0, 0.4072477268836128], [0.5697152270380701, 0.8218421746789102, 0.0, -1.400299375976966], [0.0, 0.0, 1.0, -0.10922585704363927], [0.0, 0.0, 0.0, 1.0]]; theta_Rho: [[-0.11502736061811447, 2.1235885620117188]]; s_p: [[2.1067628860473633, 0.24340985715389252, 0.10922585427761078]]; w_p: [[2.0, 0.0, 0.0]]
Pose: [[0.8218421746789102, -0.5697152270380701, 0.0, 0.4072477268836128], [0.5697152270380701, 0.8218421746789102, 0.0, -1.400299375976966], [0.0, 0.0, 1.0, -0.10933806878514632], [0.0, 0.0, 0.0, 1.0]]; theta_Rho: [[-0.11502736061811447, 2.123594284057617]]; s_p: [[2.1067628860473633, 0.24340985715389252, 0.10933806747198105]]; w_p: [[2.0, 0.0, 0.0]]
Pose: [[0.8218421746789102, -0.5697152270380701, 0.0, 0.4072477268836128], [0.5697152270380701, 0.8218421746789102, 0.0, -1.400299375976966], [0.0, 0.0, 1.0, -0.10945028052665337], [0.0, 0.0, 0.0, 1.0]]; theta_Rho: [[-0.11502736061811447, 2.1236002445220947]]; s_p: [[2.1067628860473633, 0.24340985715389252, 0.10945028066635132]]; w_p: [[2.0, 0.0, 0.0]]
Pose: [[0.8218421746789102, -0.5697152270380701, 0.0, 0.4072477268836128], [0.5697152270380701, 0.8218421746789102, 0.0, -1.400299375976966], [0.0, 0.0, 1.0, -0.10956249226816042], [0.0, 0.0, 0.0, 1.0]]; theta_Rho: [[-0.11502736061811447, 2.123605966567993]]; s_p: [[2.1067628860473633, 0.24340985715389252, 0.10956249386072159]]; w_p: [[2.0, 0.0, 0.0]]
Pose: [[0.8218421746789102, -0.5697152270380701, 0.0, 0.4072477268836128], [0.5697152270380701, 0.8218421746789102, 0.0, -1.400299375976966], [0.0, 0.0, 1.0, -0.10967470400966747], [0.0, 0.0, 0.0, 1.0]]; theta_Rho: [[-0.11502736061811447, 2.1236116886138916]]; s_p: [[2.1067628860473633, 0.24340985715389252, 0.10967470705509186]]; w_p: [[2.0, 0.0, 0.0]]
Pose: [[0.8218421746789102, -0.5697152270380701, 0.0, 0.4072477268836128], [0.5697152270380701, 0.8218421746789102, 0.0, -1.400299375976966], [0.0, 0.0, 1.0, -0.10978691575117452], [0.0, 0.0, 0.0, 1.0]]; theta_Rho: [[-0.11502736061811447, 2.12361741065979]]; s_p: [[2.1067628860473633, 0.24340985715389252, 0.10978691279888153]]; w_p: [[2.0, 0.0, 0.0]]
Pose: [[0.8218421746789102, -0.5697152270380701, 0.0, 0.4072477268836128], [0.5697152270380701, 0.8218421746789102, 0.0, -1.400299375976966], [0.0, 0.0, 1.0, -0.10989912749268158], [0.0, 0.0, 0.0, 1.0]]; theta_Rho: [[-0.11502736061811447, 2.1236233711242676]]; s_p: [[2.1067628860473633, 0.24340985715389252, 0.1098991259932518]]; w_p: [[2.0, 0.0, 0.0]]
Pose: [[0.8218421746789102, -0.5697152270380701, 0.0, 0.4072477268836128], [0.5697152270380701, 0.8218421746789102, 0.0, -1.400299375976966], [0.0, 0.0, 1.0, -0.11001133923418863], [0.0, 0.0, 0.0, 1.0]]; theta_Rho: [[-0.11502736061811447, 2.123629093170166]]; s_p: [[2.1067628860473633, 0.24340985715389252, 0.11001133918762207]]; w_p: [[2.0, 0.0, 0.0]]
Pose: [[0.8218421746789102, -0.5697152270380701, 0.0, 0.4072477268836128], [0.5697152270380701, 0.8218421746789102, 0.0, -1.400299375976966], [0.0, 0.0, 1.0, -0.11012355097569568], [0.0, 0.0, 0.0, 1.0]]; theta_Rho: [[-0.11502736061811447, 2.1236350536346436]]; s_p: [[2.1067628860473633, 0.24340985715389252, 0.11012355238199234]]; w_p: [[2.0, 0.0, 0.0]]
Pose: [[0.8218421746789102, -0.5697152270380701, 0.0, 0.4072477268836128], [0.5697152270380701, 0.8218421746789102, 0.0, -1.400299375976966], [0.0, 0.0, 1.0, -0.11023576271720273], [0.0, 0.0, 0.0, 1.0]]; theta_Rho: [[-0.11502736061811447, 2.123640775680542]]; s_p: [[2.1067628860473633, 0.24340985715389252, 0.11023576557636261]]; w_p: [[2.0, 0.0, 0.0]]
Pose: [[0.8218421746789102, -0.5697152270380701, 0.0, 0.4072477268836128], [0.5697152270380701, 0.8218421746789102, 0.0, -1.400299375976966], [0.0, 0.0, 1.0, -0.11034797445870978], [0.0, 0.0, 0.0, 1.0]]; theta_Rho: [[-0.11502736061811447, 2.1236464977264404]]; s_p: [[2.1067628860473633, 0.24340985715389252, 0.11034797132015228]]; w_p: [[2.0, 0.0, 0.0]]
Pose: [[0.8218421746789102, -0.5697152270380701, 0.0, 0.4072477268836128], [0.5697152270380701, 0.8218421746789102, 0.0, -1.400299375976966], [0.0, 0.0, 1.0, -0.11046018620021683], [0.0, 0.0, 0.0, 1.0]]; theta_Rho: [[-0.11502736061811447, 2.123652458190918]]; s_p: [[2.1067628860473633, 0.24340985715389252, 0.11046018451452255]]; w_p: [[2.0, 0.0, 0.0]]
Pose: [[0.8218421746789102, -0.5697152270380701, 0.0, 0.4072477268836128], [0.5697152270380701, 0.8218421746789102, 0.0, -1.400299375976966], [0.0, 0.0, 1.0, -0.11057239794172388], [0.0, 0.0, 0.0, 1.0]]; theta_Rho: [[-0.11502736061811447, 2.1236581802368164]]; s_p: [[2.1067628860473633, 0.24340985715389252, 0.11057239770889282]]; w_p: [[2.0, 0.0, 0.0]]
Pose: [[0.8218421746789102, -0.5697152270380701, 0.0, 0.4072477268836128], [0.5697152270380701, 0.8218421746789102, 0.0, -1.400299375976966], [0.0, 0.0, 1.0, -0.11068460968323093], [0.0, 0.0, 0.0, 1.0]]; theta_Rho: [[-0.11502736061811447, 2.123664140701294]]; s_p: [[2.1067628860473633, 0.24340985715389252, 0.11068461090326309]]; w_p: [[2.0, 0.0, 0.0]]
Pose: [[0.8218421746789102, -0.5697152270380701, 0.0, 0.4072477268836128], [0.5697152270380701, 0.8218421746789102, 0.0, -1.400299375976966], [0.0, 0.0, 1.0, -0.11079682142473798], [0.0, 0.0, 0.0, 1.0]]; theta_Rho: [[-0.11502736061811447, 2.1236698627471924]]; s_p: [[2.1067628860473633, 0.24340985715389252, 0.11079682409763336]]; w_p: [[2.0, 0.0, 0.0]]
Pose: [[0.8218421746789102, -0.5697152270380701, 0.0, 0.4072477268836128], [0.5697152270380701, 0.8218421746789102, 0.0, -1.400299375976966], [0.0, 0.0, 1.0, -0.11090903316624504], [0.0, 0.0, 0.0, 1.0]]; theta_Rho: [[-0.11502736061811447, 2.12367582321167]]; s_p: [[2.1067628860473633, 0.24340985715389252, 0.11090902984142303]]; w_p: [[2.0, 0.0, 0.0]]
Pose: [[0.8218421746789102, -0.5697152270380701, 0.0, 0.4072477268836128], [0.5697152270380701, 0.8218421746789102, 0.0, -1.400299375976966], [0.0, 0.0, 1.0, -0.11102124490775209], [0.0, 0.0, 0.0, 1.0]]; theta_Rho: [[-0.11502736061811447, 2.1236817836761475]]; s_p: [[2.1067628860473633, 0.24340985715389252, 0.1110212430357933]]; w_p: [[2.0, 0.0, 0.0]]
Pose: [[0.8218421746789102, -0.5697152270380701, 0.0, 0.4072477268836128], [0.5697152270380701, 0.8218421746789102, 0.0, -1.400299375976966], [0.0, 0.0, 1.0, -0.11113345664925914], [0.0, 0.0, 0.0, 1.0]]; theta_Rho: [[-0.11502736061811447, 2.123687505722046]]; s_p: [[2.1067628860473633, 0.24340985715389252, 0.11113345623016357]]; w_p: [[2.0, 0.0, 0.0]]
Pose: [[0.8218421746789102, -0.5697152270380701, 0.0, 0.4072477268836128], [0.5697152270380701, 0.8218421746789102, 0.0, -1.400299375976966], [0.0, 0.0, 1.0, -0.11124566839076619], [0.0, 0.0, 0.0, 1.0]]; theta_Rho: [[-0.11502736061811447, 2.1236934661865234]]; s_p: [[2.1067628860473633, 0.24340985715389252, 0.11124566942453384]]; w_p: [[2.0, 0.0, 0.0]]
Pose: [[0.8218421746789102, -0.5697152270380701, 0.0, 0.4072477268836128], [0.5697152270380701, 0.8218421746789102, 0.0, -1.400299375976966], [0.0, 0.0, 1.0, -0.11135788013227324], [0.0, 0.0, 0.0, 1.0]]; theta_Rho: [[-0.11502736061811447, 2.123699188232422]]; s_p: [[2.1067628860473633, 0.24340985715389252, 0.11135788261890411]]; w_p: [[2.0, 0.0, 0.0]]
