-0.8101349865292407,-0.4938705050054476,0.31586900431497017,5.884272890934972,0.5104405200551779,-0.8592301791970862,-0.03426331336491054,-4.893543391060472,0.28832582105504545,0.13347442992051545,0.9481839470642427,0.488750738506117,0.0,0.0,0.0,1.0,-0.8196735049518218,-0.5668748617940037,0.08239075400811194,5.844388089170584,0.5640644494789658,-0.8238038737045814,-0.05637796114899449,-4.957386925318315,0.09983307124388782,0.00026217428470860435,0.9950041653936215,0.5309267578419588,0.0,0.0,0.0,1.0,2.9101391488542814,-4.393974719022589,0.20777280860534378,1.6580880322205451,-1.3423136352845964,0.611056680742748,0.7552860800778124,-4.4102513468823386,-1.5809850182864373,1.285087752111291,-3.7553440962527542,0.05939561930496159,2.8116461234524674,-0.6211424061271114,0.26534044377101385,4.856859927695329,-2.827872179336452,0.30153522826334345,2.253766542307673,-1.2749314334687456,1.0052045609038305,1.6234013020899036,-1.6580665226630393,2.047830750302463,2.889183372088843,-0.8352304382409774,0.8406080757324701,2.627575714552841,-1.8792678241085883,0.5352965977247439,9.285919163230586,-6.37820082573235,1.3164785875570113,3.094770107593299,-1.2829849499128327,4.333100620624506,4.620282851467588,-3.2697731677345963,1.6232759471224325,0.8785244636779859,-4.214523143298419,-1.3943201737675752,3.981571235168648,-1.1431669858319393,2.7522363874628875
0.3639649041031603,-0.9067354718586442,-0.2129796531466289,5.388124654080841,0.9016052118003208,0.4003678905499261,-0.16374857028719722,-5.364472883530889,0.2337468516059098,-0.13242483260281607,0.9632372880419663,0.370013195397351,0.0,0.0,0.0,1.0,-0.7822130712092692,-0.62269921039558,-0.019707983206905675,5.670335594358903,0.6213396481243503,-0.7774086414612117,-0.09784092114315733,-5.121142486161547,0.04560430788939937,-0.08877779876835241,0.9950069092965007,0.5203030412080604,0.0,0.0,0.0,1.0,2.9101391488542814,-4.393974719022589,0.20777280860534378,1.6580880322205451,-1.3423136352845964,0.611056680742748,0.7552860800778124,-4.4102513468823386,-1.5809850182864373,1.285087752111291,-3.7553440962527542,0.05939561930496159,2.8116461234524674,-0.6211424061271114,0.26534044377101385,4.856859927695329,-2.827872179336452,0.30153522826334345,2.253766542307673,-1.2749314334687456,1.0052045609038305,1.6234013020899036,-1.6580665226630393,2.047830750302463,2.889183372088843,-0.8352304382409774,0.8406080757324701,2.627575714552841,-1.8792678241085883,0.5352965977247439,9.285919163230586,-6.37820082573235,1.3164785875570113,3.094770107593299,-1.2829849499128327,4.333100620624506,4.620282851467588,-3.2697731677345963,1.6232759471224325,0.8785244636779859,-4.214523143298419,-1.3943201737675752,3.981571235168648,-1.1431669858319393,2.7522363874628875
0.8024788191567123,-0.3445025817590601,-0.4871813994460278,5.799761958414312,-0.44319629003258826,0.20253324551745625,-0.8732452879698325,-4.91684353338994,0.39950568620008153,0.9166778363315586,0.009846373560561483,0.42114617027623447,0.0,0.0,0.0,1.0,-0.7399776329784935,-0.6655130942182677,-0.09759827926543162,5.453606778121827,0.6700778040214184,-0.7419985978318241,-0.020828283017104647,-5.221833969762334,-0.058556291287781934,-0.0808109042124528,0.9950079188182305,0.5094340348578613,0.0,0.0,0.0,1.0,2.9101391488542814,-4.393974719022589,0.20777280860534378,1.6580880322205451,-1.3423136352845964,0.611056680742748,0.7552860800778124,-4.4102513468823386,-1.5809850182864373,1.285087752111291,-3.7553440962527542,0.05939561930496159,2.8116461234524674,-0.6211424061271114,0.26534044377101385,4.856859927695329,-2.827872179336452,0.30153522826334345,2.253766542307673,-1.2749314334687456,1.0052045609038305,1.6234013020899036,-1.6580665226630393,2.047830750302463,2.889183372088843,-0.8352304382409774,0.8406080757324701,2.627575714552841,-1.8792678241085883,0.5352965977247439,9.285919163230586,-6.37820082573235,1.3164785875570113,3.094770107593299,-1.2829849499128327,4.333100620624506,4.620282851467588,-3.2697731677345963,1.6232759471224325,0.8785244636779859,-4.214523143298419,-1.3943201737675752,3.981571235168648,-1.1431669858319393,2.7522363874628875
0.08161061828487015,-0.728916582539507,-0.6797207681703471,6.166250054450844,0.34176157777034377,-0.6201794659234553,0.7060994646696901,-4.444546262479295,-0.9362364717009737,-0.28992765605547677,0.19850245165007493,0.6538037807334711,0.0,0.0,0.0,1.0,-0.6928441091868152,-0.7187834973060234,-0.05759621832769374,5.182388980384939,0.714308613029822,-0.6950644492030594,0.08153905080058557,-5.25,-0.09864200786957597,0.015352376186452424,0.9950045521649075,0.4984510519013923,0.0,0.0,0.0,1.0,2.9101391488542814,-4.393974719022589,0.20777280860534378,1.6580880322205451,-1.3423136352845964,0.611056680742748,0.7552860800778124,-4.4102513468823386,-1.5809850182864373,1.285087752111291,-3.7553440962527542,0.05939561930496159,2.8116461234524674,-0.6211424061271114,0.26534044377101385,4.856859927695329,-2.827872179336452,0.30153522826334345,2.253766542307673,-1.2749314334687456,1.0052045609038305,1.6234013020899036,-1.6580665226630393,2.047830750302463,2.889183372088843,-0.8352304382409774,0.8406080757324701,2.627575714552841,-1.8792678241085883,0.5352965977247439,9.285919163230586,-6.37820082573235,1.3164785875570113,3.094770107593299,-1.2829849499128327,4.333100620624506,4.620282851467588,-3.2697731677345963,1.6232759471224325,0.8785244636779859,-4.214523143298419,-1.3943201737675752,3.981571235168648,-1.1431669858319393,2.7522363874628875
0.3655716197895566,-0.5848921334439727,0.7240570302398825,5.245323308270725,-0.9112107461296883,-0.06620247600417523,0.40658604047445285,-5.026523680918254,-0.18987460847152968,-0.8084048641653977,-0.5571617437077931,1.3259286775917167,0.0,0.0,0.0,1.0,-0.6030803013251463,-0.7956409868090059,0.057005002088956605,4.702388980384949,0.7970744016885888,-0.5982960397488595,0.0819405088683805,-5.25,-0.031089360339972158,0.09485393471239059,0.9950056194530909,0.4874867824487662,0.0,0.0,0.0,1.0,2.9101391488542814,-4.393974719022589,0.20777280860534378,1.6580880322205451,-1.3423136352845964,0.611056680742748,0.7552860800778124,-4.4102513468823386,-1.5809850182864373,1.285087752111291,-3.7553440962527542,0.05939561930496159,2.8116461234524674,-0.6211424061271114,0.26534044377101385,4.856859927695329,-2.827872179336452,0.30153522826334345,2.253766542307673,-1.2749314334687456,1.0052045609038305,1.6234013020899036,-1.6580665226630393,2.047830750302463,2.889183372088843,-0.8352304382409774,0.8406080757324701,2.627575714552841,-1.8792678241085883,0.5352965977247439,9.285919163230586,-6.37820082573235,1.3164785875570113,3.094770107593299,-1.2829849499128327,4.333100620624506,4.620282851467588,-3.2697731677345963,1.6232759471224325,0.8785244636779859,-4.214523143298419,-1.3943201737675752,3.981571235168648,-1.1431669858319393,2.7522363874628875
-0.46399328908429244,-0.6062633404090787,-0.6458753670490661,6.647488341347609,-0.16412887249329466,0.7753243335566513,-0.6098638298907508,-3.728768850783995,0.8705009712222151,-0.17696592855959664,-0.4592506061293984,1.71940730808464,0.0,0.0,0.0,1.0,-0.4761930485903876,-0.8741091503923984,0.09577773057695878,4.2223889803849595,0.8765085226725048,-0.4805702400186648,-0.02801881672851777,-5.25,0.07051943105737705,0.07060763137708709,0.9950083277212615,0.47667369052425995,0.0,0.0,0.0,1.0,2.9101391488542814,-4.393974719022589,0.20777280860534378,1.6580880322205451,-1.3423136352845964,0.611056680742748,0.7552860800778124,-4.4102513468823386,-1.5809850182864373,1.285087752111291,-3.7553440962527542,0.05939561930496159,2.8116461234524674,-0.6211424061271114,0.26534044377101385,4.856859927695329,-2.827872179336452,0.30153522826334345,2.253766542307673,-1.2749314334687456,1.0052045609038305,1.6234013020899036,-1.6580665226630393,2.047830750302463,2.889183372088843,-0.8352304382409774,0.8406080757324701,2.627575714552841,-1.8792678241085883,0.5352965977247439,9.285919163230586,-6.37820082573235,1.3164785875570113,3.094770107593299,-1.2829849499128327,4.333100620624506,4.620282851467588,-3.2697731677345963,1.6232759471224325,0.8785244636779859,-4.214523143298419,-1.3943201737675752,3.981571235168648,-1.1431669858319393,2.7522363874628875
-0.053470122546997914,-0.1896430862179673,-0.9803960658042922,6.773882265796374,0.11180224850266655,0.9744905005975528,-0.1945983593838326,-3.459673365853807,0.9922908863959992,-0.12001568270378637,-0.03090360303568288,1.3378872452801007,0.0,0.0,0.0,1.0,-0.3119176143748007,-0.9501089803123712,0.0005721647663100571,3.7423889803849697,0.9453462415072087,-0.3104141341907767,-0.09981757842577278,-5.25,0.0950151856859097,-0.03059396712388253,0.9950055897655524,0.46614241371183535,0.0,0.0,0.0,1.0,2.9101391488542814,-4.393974719022589,0.20777280860534378,1.6580880322205451,-1.3423136352845964,0.611056680742748,0.7552860800778124,-4.4102513468823386,-1.5809850182864373,1.285087752111291,-3.7553440962527542,0.05939561930496159,2.8116461234524674,-0.6211424061271114,0.26534044377101385,4.856859927695329,-2.827872179336452,0.30153522826334345,2.253766542307673,-1.2749314334687456,1.0052045609038305,1.6234013020899036,-1.6580665226630393,2.047830750302463,2.889183372088843,-0.8352304382409774,0.8406080757324701,2.627575714552841,-1.8792678241085883,0.5352965977247439,9.285919163230586,-6.37820082573235,1.3164785875570113,3.094770107593299,-1.2829849499128327,4.333100620624506,4.620282851467588,-3.2697731677345963,1.6232759471224325,0.8785244636779859,-4.214523143298419,-1.3943201737675752,3.981571235168648,-1.1431669858319393,2.7522363874628875
0.013445733427450542,0.32294781187243726,-0.9463212578503151,6.259783293292375,0.11047428558899815,-0.9410925838417831,-0.3195937747541358,-4.624861503920373,-0.9937880279396595,-0.10024699219827872,-0.0483311088120252,2.609177457573314,0.0,0.0,0.0,1.0,-0.11581789244256357,-0.9886107237192896,-0.09609918177271318,3.26238898038498,0.9931448249595964,-0.1137211707043847,-0.02703427434935938,-5.25,0.01579786207481959,-0.09857145773927856,0.9950045704784569,0.4560201848666656,0.0,0.0,0.0,1.0,2.9101391488542814,-4.393974719022589,0.20777280860534378,1.6580880322205451,-1.3423136352845964,0.611056680742748,0.7552860800778124,-4.4102513468823386,-1.5809850182864373,1.285087752111291,-3.7553440962527542,0.05939561930496159,2.8116461234524674,-0.6211424061271114,0.26534044377101385,4.856859927695329,-2.827872179336452,0.30153522826334345,2.253766542307673,-1.2749314334687456,1.0052045609038305,1.6234013020899036,-1.6580665226630393,2.047830750302463,2.889183372088843,-0.8352304382409774,0.8406080757324701,2.627575714552841,-1.8792678241085883,0.5352965977247439,9.285919163230586,-6.37820082573235,1.3164785875570113,3.094770107593299,-1.2829849499128327,4.333100620624506,4.620282851467588,-3.2697731677345963,1.6232759471224325,0.8785244636779859,-4.214523143298419,-1.3943201737675752,3.981571235168648,-1.1431669858319393,2.7522363874628875
0.35934662427587893,-0.8500720471994102,0.3850292432942392,6.257337442624921,-0.08601279066129738,0.3806619323415889,0.9207053237103742,-4.083103912529522,-0.9292318351542777,-0.363969789730098,0.06367251133449947,0.5543290645891421,0.0,0.0,0.0,1.0,0.09595260078852752,-0.9940873462240558,-0.05082761532013793,2.78238898038496,0.9921067056075912,0.09137027019569488,0.08588223572321743,-5.25,-0.08073031085267815,-0.05866704186832808,0.9950079372085682,0.4464292949606454,0.0,0.0,0.0,1.0,2.9101391488542814,-4.393974719022589,0.20777280860534378,1.6580880322205451,-1.3423136352845964,0.611056680742748,0.7552860800778124,-4.4102513468823386,-1.5809850182864373,1.285087752111291,-3.7553440962527542,0.05939561930496159,2.8116461234524674,-0.6211424061271114,0.26534044377101385,4.856859927695329,-2.827872179336452,0.30153522826334345,2.253766542307673,-1.2749314334687456,1.0052045609038305,1.6234013020899036,-1.6580665226630393,2.047830750302463,2.889183372088843,-0.8352304382409774,0.8406080757324701,2.627575714552841,-1.8792678241085883,0.5352965977247439,9.285919163230586,-6.37820082573235,1.3164785875570113,3.094770107593299,-1.2829849499128327,4.333100620624506,4.620282851467588,-3.2697731677345963,1.6232759471224325,0.8785244636779859,-4.214523143298419,-1.3943201737675752,3.981571235168648,-1.1431669858319393,2.7522363874628875
-0.757362842553848,-0.2352615351743324,0.6091416377051988,5.867775843806228,-0.5485272255275747,-0.2769113016296964,-0.7889474088206189,-7.317000205871895,0.3542871823447422,-0.9316502246536321,0.08067497337501821,0.2883269419693937,0.0,0.0,0.0,1.0,0.29496550801196453,-0.9529710202724473,0.0695814889473805,2.302388980384885,0.9513502143258592,0.29968824440405006,0.07155225969988613,-5.25,-0.08903998419465986,0.04509091579142193,0.9950068796383801,0.4374856156329051,0.0,0.0,0.0,1.0,2.9101391488542814,-4.393974719022589,0.20777280860534378,1.6580880322205451,-1.3423136352845964,0.611056680742748,0.7552860800778124,-4.4102513468823386,-1.5809850182864373,1.285087752111291,-3.7553440962527542,0.05939561930496159,2.8116461234524674,-0.6211424061271114,0.26534044377101385,4.856859927695329,-2.827872179336452,0.30153522826334345,2.253766542307673,-1.2749314334687456,1.0052045609038305,1.6234013020899036,-1.6580665226630393,2.047830750302463,2.889183372088843,-0.8352304382409774,0.8406080757324701,2.627575714552841,-1.8792678241085883,0.5352965977247439,9.285919163230586,-6.37820082573235,1.3164785875570113,3.094770107593299,-1.2829849499128327,4.333100620624506,4.620282851467588,-3.2697731677345963,1.6232759471224325,0.8785244636779859,-4.214523143298419,-1.3943201737675752,3.981571235168648,-1.1431669858319393,2.7522363874628875
-0.7032162278118497,-0.4050354424349037,-0.5843228793343921,4.731283937752562,0.21626870450725616,0.6610532196899649,-0.718495990377319,-5.320107681123561,0.6772848620726919,-0.6316287921786756,-0.37726686111833574,0.4975895650597524,0.0,0.0,0.0,1.0,0.4637102071838398,-0.8815555347610453,0.08850244564806035,1.82238898038481,0.8859869250413228,0.46140344656628507,-0.046195542561752394,-5.25,-0.00011139722495810689,0.09983335429064188,0.9950041652986873,0.42929719929502835,0.0,0.0,0.0,1.0,2.9101391488542814,-4.393974719022589,0.20777280860534378,1.6580880322205451,-1.3423136352845964,0.611056680742748,0.7552860800778124,-4.4102513468823386,-1.5809850182864373,1.285087752111291,-3.7553440962527542,0.05939561930496159,2.8116461234524674,-0.6211424061271114,0.26534044377101385,4.856859927695329,-2.827872179336452,0.30153522826334345,2.253766542307673,-1.2749314334687456,1.0052045609038305,1.6234013020899036,-1.6580665226630393,2.047830750302463,2.889183372088843,-0.8352304382409774,0.8406080757324701,2.627575714552841,-1.8792678241085883,0.5352965977247439,9.285919163230586,-6.37820082573235,1.3164785875570113,3.094770107593299,-1.2829849499128327,4.333100620624506,4.620282851467588,-3.2697731677345963,1.6232759471224325,0.8785244636779859,-4.214523143298419,-1.3943201737675752,3.981571235168648,-1.1431669858319393,2.7522363874628875
0.25159454017319427,0.4484769644505624,0.8576529599507298,16.34452923159133,-0.04322523278609476,0.8904808967467686,-0.4529628591613863,-1.9869360286348057,-0.9668669849599926,0.07689073342269105,0.24342565293759283,0.14944307407446278,0.0,0.0,0.0,1.0,0.5907826819430109,-0.806670257365633,-0.01609094770007803,1.3423889803847349,0.8019137292416765,0.589263960453791,-0.09850053687173685,-5.25,0.08893926899817979,0.04528885946870878,0.9950068972816686,0.42196297370369384,0.0,0.0,0.0,1.0,2.9101391488542814,-4.393974719022589,0.20777280860534378,1.6580880322205451,-1.3423136352845964,0.611056680742748,0.7552860800778124,-4.4102513468823386,-1.5809850182864373,1.285087752111291,-3.7553440962527542,0.05939561930496159,2.8116461234524674,-0.6211424061271114,0.26534044377101385,4.856859927695329,-2.827872179336452,0.30153522826334345,2.253766542307673,-1.2749314334687456,1.0052045609038305,1.6234013020899036,-1.6580665226630393,2.047830750302463,2.889183372088843,-0.8352304382409774,0.8406080757324701,2.627575714552841,-1.8792678241085883,0.5352965977247439,9.285919163230586,-6.37820082573235,1.3164785875570113,3.094770107593299,-1.2829849499128327,4.333100620624506,4.620282851467588,-3.2697731677345963,1.6232759471224325,0.8785244636779859,-4.214523143298419,-1.3943201737675752,3.981571235168648,-1.1431669858319393,2.7522363874628875
-0.8146498774612343,0.5566050968336561,-0.16289979536878477,3.271959446697487,0.48445909507631574,0.8075256903169834,0.33645452096221945,-7.161139954527875,0.318818070927971,0.19517434682067183,-0.9275031061904273,2.5925702924232294,0.0,0.0,0.0,1.0,0.6865128213867802,-0.7204642383741349,-0.09813983541631265,0.8623889803846598,0.7226075436298105,0.6910213735001833,-0.018105227289699904,-5.25,0.08086089265432654,-0.058487114733914755,0.9950079263248346,0.4155715467721767,0.0,0.0,0.0,1.0,2.9101391488542814,-4.393974719022589,0.20777280860534378,1.6580880322205451,-1.3423136352845964,0.611056680742748,0.7552860800778124,-4.4102513468823386,-1.5809850182864373,1.285087752111291,-3.7553440962527542,0.05939561930496159,2.8116461234524674,-0.6211424061271114,0.26534044377101385,4.856859927695329,-2.827872179336452,0.30153522826334345,2.253766542307673,-1.2749314334687456,1.0052045609038305,1.6234013020899036,-1.6580665226630393,2.047830750302463,2.889183372088843,-0.8352304382409774,0.8406080757324701,2.627575714552841,-1.8792678241085883,0.5352965977247439,9.285919163230586,-6.37820082573235,1.3164785875570113,3.094770107593299,-1.2829849499128327,4.333100620624506,4.620282851467588,-3.2697731677345963,1.6232759471224325,0.8785244636779859,-4.214523143298419,-1.3943201737675752,3.981571235168648,-1.1431669858319393,2.7522363874628875
-0.7772899748113423,0.5710140941657658,-0.2641272407795747,2.8073902799357153,0.3265252631211821,0.007289160763809471,-0.9451603677043398,-6.053360507522128,-0.5377746252859325,-0.8209078951986085,-0.19211631892987702,-4.59732542952324,0.0,0.0,0.0,1.0,0.7373239823243934,-0.6732819176246352,-0.05517974709068138,0.5680289047705264,0.6753596638581412,0.732781142255919,0.08319328090374424,-5.22758952748166,-0.01557785359785564,-0.09860657662552043,0.9950045595490903,0.41020013606028594,0.0,0.0,0.0,1.0,2.9101391488542814,-4.393974719022589,0.20777280860534378,1.6580880322205451,-1.3423136352845964,0.611056680742748,0.7552860800778124,-4.4102513468823386,-1.5809850182864373,1.285087752111291,-3.7553440962527542,0.05939561930496159,2.8116461234524674,-0.6211424061271114,0.26534044377101385,4.856859927695329,-2.827872179336452,0.30153522826334345,2.253766542307673,-1.2749314334687456,1.0052045609038305,1.6234013020899036,-1.6580665226630393,2.047830750302463,2.889183372088843,-0.8352304382409774,0.8406080757324701,2.627575714552841,-1.8792678241085883,0.5352965977247439,9.285919163230586,-6.37820082573235,1.3164785875570113,3.094770107593299,-1.2829849499128327,4.333100620624506,4.620282851467588,-3.2697731677345963,1.6232759471224325,0.8785244636779859,-4.214523143298419,-1.3943201737675752,3.981571235168648,-1.1431669858319393,2.7522363874628875
0.9333136545936399,-0.3584683415632883,-0.020641469083634408,2.6626650894808304,0.35808519668300676,0.9334728005703444,-0.020087869768858443,-8.641806784206192,0.026469115314968702,0.01135687863033486,0.999585117557389,4.638947098488331,0.0,0.0,0.0,1.0,0.7756080892161994,-0.6288539256449773,0.054542021811601886,0.34839125614068717,0.6240330129798967,0.7769129871451321,0.08360029375821415,-5.133411727753556,-0.09494677800551285,-0.030805041894612264,0.9950056073913569,0.4059136358760295,0.0,0.0,0.0,1.0,2.9101391488542814,-4.393974719022589,0.20777280860534378,1.6580880322205451,-1.3423136352845964,0.611056680742748,0.7552860800778124,-4.4102513468823386,-1.5809850182864373,1.285087752111291,-3.7553440962527542,0.05939561930496159,2.8116461234524674,-0.6211424061271114,0.26534044377101385,4.856859927695329,-2.827872179336452,0.30153522826334345,2.253766542307673,-1.2749314334687456,1.0052045609038305,1.6234013020899036,-1.6580665226630393,2.047830750302463,2.889183372088843,-0.8352304382409774,0.8406080757324701,2.627575714552841,-1.8792678241085883,0.5352965977247439,9.285919163230586,-6.37820082573235,1.3164785875570113,3.094770107593299,-1.2829849499128327,4.333100620624506,4.620282851467588,-3.2697731677345963,1.6232759471224325,0.8785244636779859,-4.214523143298419,-1.3943201737675752,3.981571235168648,-1.1431669858319393,2.7522363874628875
0.7672833275756517,-0.63908748130315,-0.053324351529406365,3.4238956963114653,0.6275977824932579,0.7311779523257624,0.2673945127377343,-6.37304366505233,-0.13189889549947095,-0.23863359628162553,0.9621105383955202,2.382127200703941,0.0,0.0,0.0,1.0,0.8180520796454344,-0.5666934100758665,0.09823122703278088,0.16952860746376852,0.5707850729507677,0.8209112904619409,-0.01757992288656573,-4.974924164943255,-0.07067669689768134,0.07045021056531073,0.9950083277776808,0.40276383325975007,0.0,0.0,0.0,1.0,2.9101391488542814,-4.393974719022589,0.20777280860534378,1.6580880322205451,-1.3423136352845964,0.611056680742748,0.7552860800778124,-4.4102513468823386,-1.5809850182864373,1.285087752111291,-3.7553440962527542,0.05939561930496159,2.8116461234524674,-0.6211424061271114,0.26534044377101385,4.856859927695329,-2.827872179336452,0.30153522826334345,2.253766542307673,-1.2749314334687456,1.0052045609038305,1.6234013020899036,-1.6580665226630393,2.047830750302463,2.889183372088843,-0.8352304382409774,0.8406080757324701,2.627575714552841,-1.8792678241085883,0.5352965977247439,9.285919163230586,-6.37820082573235,1.3164785875570113,3.094770107593299,-1.2829849499128327,4.333100620624506,4.620282851467588,-3.2697731677345963,1.6232759471224325,0.8785244636779859,-4.214523143298419,-1.3943201737675752,3.981571235168648,-1.1431669858319393,2.7522363874628875
0.9661902684575782,-0.08338887024465592,-0.24397266538937173,8.580157164566371,0.13986936619748705,0.9644360437265534,0.22427589696752287,-3.883624681652467,0.21659391851431878,-0.25081749117713864,0.9434922684273679,-7.80232937280268,0.0,0.0,0.0,1.0,0.8573431097922404,-0.5142553844663553,0.022454212057685694,0.049600733901278726,0.5138184151608216,0.8523678639409005,-0.09726078738344673,-4.768217948781159,0.030877634841289272,0.0949232535693312,0.9950056017924827,0.40078878232276194,0.0,0.0,0.0,1.0,2.9101391488542814,-4.393974719022589,0.20777280860534378,1.6580880322205451,-1.3423136352845964,0.611056680742748,0.7552860800778124,-4.4102513468823386,-1.5809850182864373,1.285087752111291,-3.7553440962527542,0.05939561930496159,2.8116461234524674,-0.6211424061271114,0.26534044377101385,4.856859927695329,-2.827872179336452,0.30153522826334345,2.253766542307673,-1.2749314334687456,1.0052045609038305,1.6234013020899036,-1.6580665226630393,2.047830750302463,2.889183372088843,-0.8352304382409774,0.8406080757324701,2.627575714552841,-1.8792678241085883,0.5352965977247439,9.285919163230586,-6.37820082573235,1.3164785875570113,3.094770107593299,-1.2829849499128327,4.333100620624506,4.620282851467588,-3.2697731677345963,1.6232759471224325,0.8785244636779859,-4.214523143298419,-1.3943201737675752,3.981571235168648,-1.1431669858319393,2.7522363874628875
-0.8535789720751827,0.10371757892875855,0.5105346239504541,6.780375249377359,0.007091141190703389,-0.9775777101903045,0.2104555446066787,-4.9844123368997515,0.5209152082130919,0.18326070053406715,0.8337043009917094,-3.977650101263931,0.0,0.0,0.0,1.0,0.8859337511469062,-0.4567459808086158,-0.08065046555319613,0.0007838121765444406,0.4532084929058479,0.8894608703864153,-0.058833850880683415,-4.534279788553733,0.09860755821326103,0.015571418259622542,0.9950045630029051,0.40001234449937173,0.0,0.0,0.0,1.0,2.9101391488542814,-4.393974719022589,0.20777280860534378,1.6580880322205451,-1.3423136352845964,0.611056680742748,0.7552860800778124,-4.4102513468823386,-1.5809850182864373,1.285087752111291,-3.7553440962527542,0.05939561930496159,2.8116461234524674,-0.6211424061271114,0.26534044377101385,4.856859927695329,-2.827872179336452,0.30153522826334345,2.253766542307673,-1.2749314334687456,1.0052045609038305,1.6234013020899036,-1.6580665226630393,2.047830750302463,2.889183372088843,-0.8352304382409774,0.8406080757324701,2.627575714552841,-1.8792678241085883,0.5352965977247439,9.285919163230586,-6.37820082573235,1.3164785875570113,3.094770107593299,-1.2829849499128327,4.333100620624506,4.620282851467588,-3.2697731677345963,1.6232759471224325,0.8785244636779859,-4.214523143298419,-1.3943201737675752,3.981571235168648,-1.1431669858319393,2.7522363874628875
-0.9935231129040859,-0.11145885206538032,-0.022107655272413308,6.40206536114536,-0.011968100481117475,0.29611894234902936,-0.9550760894049054,-5.310585669153497,0.11299818005724692,-0.9486255827661195,-0.29553496413350094,-0.5013235236569559,0.0,0.0,0.0,1.0,0.9384043126032033,-0.3355212011943521,-0.08260066365840318,0.0,0.34051047447253396,0.9385713967314959,0.0560031250197586,-4.0885834705765545,0.05873638448354912,-0.08067996521186688,0.9950079297931311,0.40044390026669496,0.0,0.0,0.0,1.0,2.9101391488542814,-4.393974719022589,0.20777280860534378,1.6580880322205451,-1.3423136352845964,0.611056680742748,0.7552860800778124,-4.4102513468823386,-1.5809850182864373,1.285087752111291,-3.7553440962527542,0.05939561930496159,2.8116461234524674,-0.6211424061271114,0.26534044377101385,4.856859927695329,-2.827872179336452,0.30153522826334345,2.253766542307673,-1.2749314334687456,1.0052045609038305,1.6234013020899036,-1.6580665226630393,2.047830750302463,2.889183372088843,-0.8352304382409774,0.8406080757324701,2.627575714552841,-1.8792678241085883,0.5352965977247439,9.285919163230586,-6.37820082573235,1.3164785875570113,3.094770107593299,-1.2829849499128327,4.333100620624506,4.620282851467588,-3.2697731677345963,1.6232759471224325,0.8785244636779859,-4.214523143298419,-1.3943201737675752,3.981571235168648,-1.1431669858319393,2.7522363874628875
0.45168328071221897,0.8902256334389649,0.058996063370709444,9.194122762429622,-0.5760905961547576,0.24052669168386512,0.7811955808948686,-4.401889259890305,0.6812502028969265,-0.38684006017449707,0.6214925010787242,-5.106629774640885,0.0,0.0,0.0,1.0,0.9790269283964116,-0.20198233706130334,0.026634732773983427,0.0,0.19860653529043967,0.9753479213271361,0.09618667528697539,-3.6085834705764794,-0.04540614071482847,-0.08887951326424298,0.9950068916883422,0.4020782358151032,0.0,0.0,0.0,1.0,2.9101391488542814,-4.393974719022589,0.20777280860534378,1.6580880322205451,-1.3423136352845964,0.611056680742748,0.7552860800778124,-4.4102513468823386,-1.5809850182864373,1.285087752111291,-3.7553440962527542,0.05939561930496159,2.8116461234524674,-0.6211424061271114,0.26534044377101385,4.856859927695329,-2.827872179336452,0.30153522826334345,2.253766542307673,-1.2749314334687456,1.0052045609038305,1.6234013020899036,-1.6580665226630393,2.047830750302463,2.889183372088843,-0.8352304382409774,0.8406080757324701,2.627575714552841,-1.8792678241085883,0.5352965977247439,9.285919163230586,-6.37820082573235,1.3164785875570113,3.094770107593299,-1.2829849499128327,4.333100620624506,4.620282851467588,-3.2697731677345963,1.6232759471224325,0.8785244636779859,-4.214523143298419,-1.3943201737675752,3.981571235168648,-1.1431669858319393,2.7522363874628875
-0.2056144854163118,0.36759287880595926,0.5789272311307195,0.18144061904639971,0.2276264446581935,-0.011949003241667942,-0.15120849287959331,-3.4688703526097338,-0.5434269831114429,0.5085575369237971,0.06013676031162773,1.0643345251753287,0.0,0.0,0.0,1.0,0.9940914729159182,-0.04281778218598473,0.09974357625698994,0.0,0.04260791055264628,0.9990828974059061,0.004234391261754956,-3.1285834705764044,-0.0998334084071965,4.049312905860317e-05,0.9950041652807834,0.40489560603848657,0.0,0.0,0.0,1.0,2.9101391488542814,-4.393974719022589,0.20777280860534378,1.6580880322205451,-1.3423136352845964,0.611056680742748,0.7552860800778124,-4.4102513468823386,-1.5809850182864373,1.285087752111291,-3.7553440962527542,0.05939561930496159,2.8116461234524674,-0.6211424061271114,0.26534044377101385,4.856859927695329,-2.827872179336452,0.30153522826334345,2.253766542307673,-1.2749314334687456,1.0052045609038305,1.6234013020899036,-1.6580665226630393,2.047830750302463,2.889183372088843,-0.8352304382409774,0.8406080757324701,2.627575714552841,-1.8792678241085883,0.5352965977247439,9.285919163230586,-6.37820082573235,1.3164785875570113,3.094770107593299,-1.2829849499128327,4.333100620624506,4.620282851467588,-3.2697731677345963,1.6232759471224325,0.8785244636779859,-4.214523143298419,-1.3943201737675752,3.981571235168648,-1.1431669858319393,2.7522363874628875
0.6709613758851611,0.3678526136912297,0.6438130836437098,7.755932984585044,-0.5905754039255378,-0.2599088454042873,0.7639817303828664,-10.49281300896299,0.44836539155969596,-0.8928224048942437,0.042855909398578966,3.7899100810733124,0.0,0.0,0.0,1.0,0.992187934510662,0.11988924382472102,0.03449161965757407,0.0,-0.11622374682725922,0.9887974586236135,-0.09365696179631539,-2.6485834705763294,-0.04533368818990254,0.08891656220648614,0.9950068852427508,0.4088619730833173,0.0,0.0,0.0,1.0,2.9101391488542814,-4.393974719022589,0.20777280860534378,1.6580880322205451,-1.3423136352845964,0.611056680742748,0.7552860800778124,-4.4102513468823386,-1.5809850182864373,1.285087752111291,-3.7553440962527542,0.05939561930496159,2.8116461234524674,-0.6211424061271114,0.26534044377101385,4.856859927695329,-2.827872179336452,0.30153522826334345,2.253766542307673,-1.2749314334687456,1.0052045609038305,1.6234013020899036,-1.6580665226630393,2.047830750302463,2.889183372088843,-0.8352304382409774,0.8406080757324701,2.627575714552841,-1.8792678241085883,0.5352965977247439,9.285919163230586,-6.37820082573235,1.3164785875570113,3.094770107593299,-1.2829849499128327,4.333100620624506,4.620282851467588,-3.2697731677345963,1.6232759471224325,0.8785244636779859,-4.214523143298419,-1.3943201737675752,3.981571235168648,-1.1431669858319393,2.7522363874628875
-0.5375752443209415,0.43647915504997015,-0.7214560304690412,4.1742780222163125,-0.26779495557723165,-0.8996799835658735,-0.34476338108664684,-7.0359381762764395,-0.7995615789047575,0.0078660268098149,0.6005326029130802,2.4587684263950775,0.0,0.0,0.0,1.0,0.9620090345725748,0.26162253955763026,-0.07805295763876538,0.0,-0.26661007093287303,0.9617962999186013,-0.06218478543869472,-2.1685834705762543,0.0588021043663502,0.08063202997757318,0.9950079337692663,0.4139294175745026,0.0,0.0,0.0,1.0,2.9101391488542814,-4.393974719022589,0.20777280860534378,1.6580880322205451,-1.3423136352845964,0.611056680742748,0.7552860800778124,-4.4102513468823386,-1.5809850182864373,1.285087752111291,-3.7553440962527542,0.05939561930496159,2.8116461234524674,-0.6211424061271114,0.26534044377101385,4.856859927695329,-2.827872179336452,0.30153522826334345,2.253766542307673,-1.2749314334687456,1.0052045609038305,1.6234013020899036,-1.6580665226630393,2.047830750302463,2.889183372088843,-0.8352304382409774,0.8406080757324701,2.627575714552841,-1.8792678241085883,0.5352965977247439,9.285919163230586,-6.37820082573235,1.3164785875570113,3.094770107593299,-1.2829849499128327,4.333100620624506,4.620282851467588,-3.2697731677345963,1.6232759471224325,0.8785244636779859,-4.214523143298419,-1.3943201737675752,3.981571235168648,-1.1431669858319393,2.7522363874628875
-0.2986358515435883,0.7194005882881396,-0.6271199420713016,3.135699476089341,-0.9533498937604824,-0.19454020787322848,0.23082046613659898,-5.819141367311671,0.04405233523561292,0.6667959966071465,0.7439371550534164,2.7319509229027954,0.0,0.0,0.0,1.0,0.9118143871896974,0.4019123934127775,-0.08402946706417476,0.0,-0.39858948637567404,0.9155443522998701,0.05389768383323881,-1.6885834705761793,0.09859485110619533,-0.015651421437817673,0.9950045669957114,0.4200367175498312,0.0,0.0,0.0,1.0,2.9101391488542814,-4.393974719022589,0.20777280860534378,1.6580880322205451,-1.3423136352845964,0.611056680742748,0.7552860800778124,-4.4102513468823386,-1.5809850182864373,1.285087752111291,-3.7553440962527542,0.05939561930496159,2.8116461234524674,-0.6211424061271114,0.26534044377101385,4.856859927695329,-2.827872179336452,0.30153522826334345,2.253766542307673,-1.2749314334687456,1.0052045609038305,1.6234013020899036,-1.6580665226630393,2.047830750302463,2.889183372088843,-0.8352304382409774,0.8406080757324701,2.627575714552841,-1.8792678241085883,0.5352965977247439,9.285919163230586,-6.37820082573235,1.3164785875570113,3.094770107593299,-1.2829849499128327,4.333100620624506,4.620282851467588,-3.2697731677345963,1.6232759471224325,0.8785244636779859,-4.214523143298419,-1.3943201737675752,3.981571235168648,-1.1431669858319393,2.7522363874628875
0.7572142687091615,0.6472346975329402,0.08782822765314925,6.207479799056895,0.06452464024498539,0.059683651517306244,-0.9961297267639471,4.457061663320896,-0.6499716317382674,0.7599507273836934,0.0034307265251846885,12.161443525597841,0.0,0.0,0.0,1.0,0.8581674385118743,0.5128819571283378,0.02237734412691598,0.0,-0.5124451114545123,0.853192175339694,0.09727856745189593,-1.2085834705761043,0.030800247147401035,-0.09494845965747155,0.9950055953532787,0.427110088108659,0.0,0.0,0.0,1.0,2.9101391488542814,-4.393974719022589,0.20777280860534378,1.6580880322205451,-1.3423136352845964,0.611056680742748,0.7552860800778124,-4.4102513468823386,-1.5809850182864373,1.285087752111291,-3.7553440962527542,0.05939561930496159,2.8116461234524674,-0.6211424061271114,0.26534044377101385,4.856859927695329,-2.827872179336452,0.30153522826334345,2.253766542307673,-1.2749314334687456,1.0052045609038305,1.6234013020899036,-1.6580665226630393,2.047830750302463,2.889183372088843,-0.8352304382409774,0.8406080757324701,2.627575714552841,-1.8792678241085883,0.5352965977247439,9.285919163230586,-6.37820082573235,1.3164785875570113,3.094770107593299,-1.2829849499128327,4.333100620624506,4.620282851467588,-3.2697731677345963,1.6232759471224325,0.8785244636779859,-4.214523143298419,-1.3943201737675752,3.981571235168648,-1.1431669858319393,2.7522363874628875
0.5658179915663902,0.7863458603166877,-0.24801247626396675,4.295480485806517,0.8079360471860697,-0.46871207484336685,0.35713909692635937,-6.115950188645181,0.1645884080885576,-0.4024539462582452,-0.9005228909161831,1.0108560545071552,0.0,0.0,0.0,1.0,0.795262812295075,0.5981517582115032,0.09885106741464952,0.0,-0.6021243656944091,0.7982852585836971,0.013670924075026257,-0.7285834705760292,-0.07073406264052506,-0.07039261379183895,0.9950083277570692,0.4350640728388218,0.0,0.0,0.0,1.0,2.9101391488542814,-4.393974719022589,0.20777280860534378,1.6580880322205451,-1.3423136352845964,0.611056680742748,0.7552860800778124,-4.4102513468823386,-1.5809850182864373,1.285087752111291,-3.7553440962527542,0.05939561930496159,2.8116461234524674,-0.6211424061271114,0.26534044377101385,4.856859927695329,-2.827872179336452,0.30153522826334345,2.253766542307673,-1.2749314334687456,1.0052045609038305,1.6234013020899036,-1.6580665226630393,2.047830750302463,2.889183372088843,-0.8352304382409774,0.8406080757324701,2.627575714552841,-1.8792678241085883,0.5352965977247439,9.285919163230586,-6.37820082573235,1.3164785875570113,3.094770107593299,-1.2829849499128327,4.333100620624506,4.620282851467588,-3.2697731677345963,1.6232759471224325,0.8785244636779859,-4.214523143298419,-1.3943201737675752,3.981571235168648,-1.1431669858319393,2.7522363874628875
0.4770712122388278,0.8502478597708294,-0.2224446794331097,5.5767181131959145,-0.6968227777731861,0.52017826531063,0.49381432611345427,-4.544348366336133,0.5355754613772336,-0.08058007975639978,0.8406341510532481,1.4495227487960036,0.0,0.0,0.0,1.0,0.7336531235559891,0.6777585511581384,0.04895345369390723,0.0,-0.6728617770051778,0.7346357201046174,-0.08699073394221224,-0.2485834705759542,-0.09492166950688845,0.03088211583410893,0.9950056138432756,0.4438025762520659,0.0,0.0,0.0,1.0,2.9101391488542814,-4.393974719022589,0.20777280860534378,1.6580880322205451,-1.3423136352845964,0.611056680742748,0.7552860800778124,-4.4102513468823386,-1.5809850182864373,1.285087752111291,-3.7553440962527542,0.05939561930496159,2.8116461234524674,-0.6211424061271114,0.26534044377101385,4.856859927695329,-2.827872179336452,0.30153522826334345,2.253766542307673,-1.2749314334687456,1.0052045609038305,1.6234013020899036,-1.6580665226630393,2.047830750302463,2.889183372088843,-0.8352304382409774,0.8406080757324701,2.627575714552841,-1.8792678241085883,0.5352965977247439,9.285919163230586,-6.37820082573235,1.3164785875570113,3.094770107593299,-1.2829849499128327,4.333100620624506,4.620282851467588,-3.2697731677345963,1.6232759471224325,0.8785244636779859,-4.214523143298419,-1.3943201737675752,3.981571235168648,-1.1431669858319393,2.7522363874628875
0.31123166724144363,0.5397335372700445,0.7821908706013364,3.6425993708448363,-0.23582302402174637,0.8411884691674039,-0.4866101732198347,-2.113421390427737,-0.9206097711013879,-0.03301012095955247,0.3890860846482246,4.072907131810032,0.0,0.0,0.0,1.0,0.6925031501344916,0.7188764564907092,-0.060465092054567154,0.008907912084896358,-0.7212483731826415,0.688106733859468,-0.0794349230417477,0.11524980359910492,-0.015497458991683505,0.09861928371579641,0.9950045555896638,0.4532200247547032,0.0,0.0,0.0,1.0,2.9101391488542814,-4.393974719022589,0.20777280860534378,1.6580880322205451,-1.3423136352845964,0.611056680742748,0.7552860800778124,-4.4102513468823386,-1.5809850182864373,1.285087752111291,-3.7553440962527542,0.05939561930496159,2.8116461234524674,-0.6211424061271114,0.26534044377101385,4.856859927695329,-2.827872179336452,0.30153522826334345,2.253766542307673,-1.2749314334687456,1.0052045609038305,1.6234013020899036,-1.6580665226630393,2.047830750302463,2.889183372088843,-0.8352304382409774,0.8406080757324701,2.627575714552841,-1.8792678241085883,0.5352965977247439,9.285919163230586,-6.37820082573235,1.3164785875570113,3.094770107593299,-1.2829849499128327,4.333100620624506,4.620282851467588,-3.2697731677345963,1.6232759471224325,0.8785244636779859,-4.214523143298419,-1.3943201737675752,3.981571235168648,-1.1431669858319393,2.7522363874628875
0.423089469844982,-0.15566285677261726,0.8926165893191098,-1.3946274542255868,-0.894354643564767,0.08628000140900376,0.4389596028007608,-9.586445103887982,-0.14534466636389223,-0.9840349772128276,-0.10271363873078779,4.991735469394724,0.0,0.0,0.0,1.0,0.6553921916172029,0.7489990951837722,-0.09726988527334825,0.08278287642018828,-0.7509426677134272,0.6599903831563969,0.02231152053342781,0.34252198469862066,0.08090849754284747,0.05842131079463166,0.9950079223153935,0.46320264212730866,0.0,0.0,0.0,1.0,2.9101391488542814,-4.393974719022589,0.20777280860534378,1.6580880322205451,-1.3423136352845964,0.611056680742748,0.7552860800778124,-4.4102513468823386,-1.5809850182864373,1.285087752111291,-3.7553440962527542,0.05939561930496159,2.8116461234524674,-0.6211424061271114,0.26534044377101385,4.856859927695329,-2.827872179336452,0.30153522826334345,2.253766542307673,-1.2749314334687456,1.0052045609038305,1.6234013020899036,-1.6580665226630393,2.047830750302463,2.889183372088843,-0.8352304382409774,0.8406080757324701,2.627575714552841,-1.8792678241085883,0.5352965977247439,9.285919163230586,-6.37820082573235,1.3164785875570113,3.094770107593299,-1.2829849499128327,4.333100620624506,4.620282851467588,-3.2697731677345963,1.6232759471224325,0.8785244636779859,-4.214523143298419,-1.3943201737675752,3.981571235168648,-1.1431669858319393,2.7522363874628875
