-0.7839467362117459,0.6206954467654843,0.012832659410519072,7.147911184175465,-0.6206682660083424,-0.7840464647730251,0.006484184383443258,2.4944860968658604,0.014086104967244752,-0.0028815692802071145,0.9998966337603777,0.693674926793819,0.0,0.0,0.0,1.0,-0.7837575427757436,0.6189192442688098,0.05160506967201779,7.148786589327763,-0.6140078183149353,-0.7846619719062481,0.0854399724504397,2.4668082647156915,0.09337297890857886,0.03527830661927796,0.9950059938974309,0.578719664733194,0.0,0.0,0.0,1.0,1.4535179676834216,0.3910011083092515,-0.47859380364048465,3.6851618896202956,1.669891702479533,0.04493665432114721,3.299410154885533,-0.24588594929568103,1.2006243775270216,1.6945516187581429,-0.07434129187752059,0.6789370478717061,5.1612040938836365,0.07767408459495306,-0.3689235212667409,3.5290934784888908,0.7476071202459982,1.2913132328371504,3.3371573519471824,0.7844283353712189,-0.14657743022717812,3.6195849290044757,1.7154783215534612,0.5861269384543841,5.07754926230447,-1.3320126899718894,-0.6536546742568794,3.4668502324191777,-1.8610160526328148,0.7582377747335571,5.923482920617524,2.0969623083413196,0.8866499398802258,2.982176718207758,0.7597432849035949,-0.10018636051947427,4.943869228747996,-1.189384006177953,1.5452139247763486,5.422369819476151,-1.717050026596172,0.15023217131535593,5.504399727552585,1.3426855037561365,0.8847540993774461
-0.8559588965214716,0.5167019368336339,-0.018800955776656858,7.461309453521863,-0.5162280828052367,-0.8560850281180579,-0.025039791439514462,2.0910542335717985,-0.02903332548941304,-0.011727450894204973,0.9995096462298646,0.6603864555983728,0.0,0.0,0.0,1.0,-0.8651054126256797,0.4941274147933157,0.08620164148917503,7.464706354295474,-0.4991200369585024,-0.8650718869829593,-0.05029730667030377,1.9989521951523912,0.04971733854800536,-0.08653743872693406,0.9950072652731161,0.5866176588573868,0.0,0.0,0.0,1.0,1.4535179676834216,0.3910011083092515,-0.47859380364048465,3.6851618896202956,1.669891702479533,0.04493665432114721,3.299410154885533,-0.24588594929568103,1.2006243775270216,1.6945516187581429,-0.07434129187752059,0.6789370478717061,5.1612040938836365,0.07767408459495306,-0.3689235212667409,3.5290934784888908,0.7476071202459982,1.2913132328371504,3.3371573519471824,0.7844283353712189,-0.14657743022717812,3.6195849290044757,1.7154783215534612,0.5861269384543841,5.07754926230447,-1.3320126899718894,-0.6536546742568794,3.4668502324191777,-1.8610160526328148,0.7582377747335571,5.923482920617524,2.0969623083413196,0.8866499398802258,2.982176718207758,0.7597432849035949,-0.10018636051947427,4.943869228747996,-1.189384006177953,1.5452139247763486,5.422369819476151,-1.717050026596172,0.15023217131535593,5.504399727552585,1.3426855037561365,0.8847540993774461,5.310946514634047,1.651226907594821,-0.5267839788450756,4.0241289052334555,0.8310060565387346,-1.630359021449765,4.181707814039998,0.05902366904848036,-1.2911763427948117,1.9095117495265854,1.0509628700338016,2.635135974576311
-0.89961576141719,0.4107670490207744,-0.14819552371287903,7.7121276170529,-0.40641088772868855,-0.9117188451952126,-0.05999114644252109,1.594249060143637,-0.1597550379341732,0.006259293464390594,0.9871368441609185,0.6448944105534468,0.0,0.0,0.0,1.0,-0.924276405622014,0.3789190555578833,-0.04618955883717106,7.7078748736322815,-0.3740490717950742,-0.9231804381046077,-0.08845999429249651,1.500554537991336,-0.07616047465512665,-0.06448432395634474,0.9950082180887749,0.592696871840807,0.0,0.0,0.0,1.0,1.4535179676834216,0.3910011083092515,-0.47859380364048465,3.6851618896202956,1.669891702479533,0.04493665432114721,3.299410154885533,-0.24588594929568103,1.2006243775270216,1.6945516187581429,-0.07434129187752059,0.6789370478717061,5.1612040938836365,0.07767408459495306,-0.3689235212667409,3.5290934784888908,0.7476071202459982,1.2913132328371504,3.3371573519471824,0.7844283353712189,-0.14657743022717812,3.6195849290044757,1.7154783215534612,0.5861269384543841,5.07754926230447,-1.3320126899718894,-0.6536546742568794,3.4668502324191777,-1.8610160526328148,0.7582377747335571,5.923482920617524,2.0969623083413196,0.8866499398802258,2.982176718207758,0.7597432849035949,-0.10018636051947427,4.943869228747996,-1.189384006177953,1.5452139247763486,5.422369819476151,-1.717050026596172,0.15023217131535593,5.504399727552585,1.3426855037561365,0.8847540993774461,5.310946514634047,1.651226907594821,-0.5267839788450756,4.0241289052334555,0.8310060565387346,-1.630359021449765,4.181707814039998,0.05902366904848036,-1.2911763427948117,1.9095117495265854,1.0509628700338016,2.635135974576311
-0.94691871435961,0.27774427906770416,-0.1618736045212614,7.897191490504765,-0.2734201066934686,-0.9606529473468721,-0.04886061818582006,1.0758844523346411,-0.16907511245383447,-0.002007535536272737,0.9856011242636621,0.7072663091166362,0.0,0.0,0.0,1.0,-0.9677530469031673,0.23560553323934535,-0.08912952887029807,7.882196614285543,-0.240209145840028,-0.9696829470398861,0.04488372171341365,0.9636127064489506,-0.07585253103517198,0.06484608644356828,0.9950082304224983,0.5970549153571386,0.0,0.0,0.0,1.0,1.4535179676834216,0.3910011083092515,-0.47859380364048465,3.6851618896202956,1.669891702479533,0.04493665432114721,3.299410154885533,-0.24588594929568103,1.2006243775270216,1.6945516187581429,-0.07434129187752059,0.6789370478717061,5.1612040938836365,0.07767408459495306,-0.3689235212667409,3.5290934784888908,0.7476071202459982,1.2913132328371504,3.3371573519471824,0.7844283353712189,-0.14657743022717812,3.6195849290044757,1.7154783215534612,0.5861269384543841,5.07754926230447,-1.3320126899718894,-0.6536546742568794,3.4668502324191777,-1.8610160526328148,0.7582377747335571,5.923482920617524,2.0969623083413196,0.8866499398802258,2.982176718207758,0.7597432849035949,-0.10018636051947427,4.943869228747996,-1.189384006177953,1.5452139247763486,5.422369819476151,-1.717050026596172,0.15023217131535593,5.504399727552585,1.3426855037561365,0.8847540993774461,5.310946514634047,1.651226907594821,-0.5267839788450756,4.0241289052334555,0.8310060565387346,-1.630359021449765,4.181707814039998,0.05902366904848036,-1.2911763427948117,1.9095117495265854,1.0509628700338016,2.635135974576311
-0.9770040498070482,0.12779223574146284,-0.1706816661063093,8.090754220562767,-0.11592528232477402,-0.9902053420340132,-0.0778120140159916,0.5827003535358695,-0.17895366880438282,-0.056236332486229876,0.9822489803150479,0.9583852355981684,0.0,0.0,0.0,1.0,-0.9936429404431631,0.10238332790374208,0.04681197576283959,7.9806912188481025,-0.09798724439846415,-0.9912770581448,0.08813792561087183,0.3925524425928337,0.0554274917587068,0.08299065105869907,0.9950077110224783,0.5995172804712026,0.0,0.0,0.0,1.0,1.4535179676834216,0.3910011083092515,-0.47859380364048465,3.6851618896202956,1.669891702479533,0.04493665432114721,3.299410154885533,-0.24588594929568103,1.2006243775270216,1.6945516187581429,-0.07434129187752059,0.6789370478717061,5.1612040938836365,0.07767408459495306,-0.3689235212667409,3.5290934784888908,0.7476071202459982,1.2913132328371504,3.3371573519471824,0.7844283353712189,-0.14657743022717812,3.6195849290044757,1.7154783215534612,0.5861269384543841,5.07754926230447,-1.3320126899718894,-0.6536546742568794,3.4668502324191777,-1.8610160526328148,0.7582377747335571,5.923482920617524,2.0969623083413196,0.8866499398802258,2.982176718207758,0.7597432849035949,-0.10018636051947427,4.943869228747996,-1.189384006177953,1.5452139247763486,5.422369819476151,-1.717050026596172,0.15023217131535593,5.504399727552585,1.3426855037561365,0.8847540993774461,5.310946514634047,1.651226907594821,-0.5267839788450756,4.0241289052334555,0.8310060565387346,-1.630359021449765,4.181707814039998,0.05902366904848036,-1.2911763427948117,1.9095117495265854,1.0509628700338016,2.635135974576311
-0.9833286422846658,-0.031225447700041334,-0.17913612890348724,8.121043992397228,0.045781530924364024,-0.9959245452775528,-0.0777068307159665,-0.09816361210369343,-0.17597963714252923,-0.08461247856924166,0.9807506797252566,1.0265980773446826,0.0,0.0,0.0,1.0,-0.9949301643664465,-0.05064855315802573,0.08688320952149475,7.995638326723622,0.04650070780344445,-0.9977098878810464,-0.04911887415413886,-0.18674678582846405,0.08917203713909419,-0.044829718796687665,0.9950068563105854,0.5998909581680906,0.0,0.0,0.0,1.0,1.4535179676834216,0.3910011083092515,-0.47859380364048465,3.6851618896202956,1.669891702479533,0.04493665432114721,3.299410154885533,-0.24588594929568103,1.2006243775270216,1.6945516187581429,-0.07434129187752059,0.6789370478717061,5.1612040938836365,0.07767408459495306,-0.3689235212667409,3.5290934784888908,0.7476071202459982,1.2913132328371504,3.3371573519471824,0.7844283353712189,-0.14657743022717812,3.6195849290044757,1.7154783215534612,0.5861269384543841,5.07754926230447,-1.3320126899718894,-0.6536546742568794,3.4668502324191777,-1.8610160526328148,0.7582377747335571,5.923482920617524,2.0969623083413196,0.8866499398802258,2.982176718207758,0.7597432849035949,-0.10018636051947427,4.943869228747996,-1.189384006177953,1.5452139247763486,5.422369819476151,-1.717050026596172,0.15023217131535593,5.504399727552585,1.3426855037561365,0.8847540993774461,5.310946514634047,1.651226907594821,-0.5267839788450756,4.0241289052334555,0.8310060565387346,-1.630359021449765,4.181707814039998,0.05902366904848036,-1.2911763427948117,1.9095117495265854,1.0509628700338016,2.635135974576311
-0.9774612256548907,-0.1403295417066099,-0.15772498871660393,8.052965369995864,0.15043914192985802,-0.9871412343399506,-0.05403931939992699,-0.5648273698865331,-0.14811352712243384,-0.0765493513376314,0.9860033366541616,0.6211507864819958,0.0,0.0,0.0,1.0,-0.9819351600350625,-0.18316246022343324,-0.04748530985278493,7.92955458326823,0.1867627469952105,-0.9784736055130763,-0.08780136473337694,-0.7473959975245088,-0.03038120836501977,-0.09508373404079024,0.995005560637297,0.5982388645817057,0.0,0.0,0.0,1.0,1.4535179676834216,0.3910011083092515,-0.47859380364048465,3.6851618896202956,1.669891702479533,0.04493665432114721,3.299410154885533,-0.24588594929568103,1.2006243775270216,1.6945516187581429,-0.07434129187752059,0.6789370478717061,5.1612040938836365,0.07767408459495306,-0.3689235212667409,3.5290934784888908,0.7476071202459982,1.2913132328371504,3.3371573519471824,0.7844283353712189,-0.14657743022717812,3.6195849290044757,1.7154783215534612,0.5861269384543841,5.07754926230447,-1.3320126899718894,-0.6536546742568794,3.4668502324191777,-1.8610160526328148,0.7582377747335571,5.923482920617524,2.0969623083413196,0.8866499398802258,2.982176718207758,0.7597432849035949,-0.10018636051947427,4.943869228747996,-1.189384006177953,1.5452139247763486,5.422369819476151,-1.717050026596172,0.15023217131535593,5.504399727552585,1.3426855037561365,0.8847540993774461,5.310946514634047,1.651226907594821,-0.5267839788450756,4.0241289052334555,0.8310060565387346,-1.630359021449765,4.181707814039998,0.05902366904848036,-1.2911763427948117,1.9095117495265854,1.0509628700338016,2.635135974576311
-0.9447966057983073,-0.28495224088625654,-0.16174546078916327,7.869006866534425,0.2956586250868371,-0.9541856100928207,-0.045997814117126556,-1.1883743107521978,-0.14122801097430748,-0.09128001920296348,0.9857599134731276,0.6002446979619473,0.0,0.0,0.0,1.0,-0.9401393341667048,-0.3297921468008608,-0.08587882312342315,7.778687271447386,0.3264431988262948,-0.9438456232647421,0.050894767747249714,-1.3120680259047206,-0.09784104605246657,0.019813615330620607,0.9950047991617375,0.5944671817861846,0.0,0.0,0.0,1.0,1.4535179676834216,0.3910011083092515,-0.47859380364048465,3.6851618896202956,1.669891702479533,0.04493665432114721,3.299410154885533,-0.24588594929568103,1.2006243775270216,1.6945516187581429,-0.07434129187752059,0.6789370478717061,5.1612040938836365,0.07767408459495306,-0.3689235212667409,3.5290934784888908,0.7476071202459982,1.2913132328371504,3.3371573519471824,0.7844283353712189,-0.14657743022717812,3.6195849290044757,1.7154783215534612,0.5861269384543841,5.07754926230447,-1.3320126899718894,-0.6536546742568794,3.4668502324191777,-1.8610160526328148,0.7582377747335571,5.923482920617524,2.0969623083413196,0.8866499398802258,2.982176718207758,0.7597432849035949,-0.10018636051947427,4.943869228747996,-1.189384006177953,1.5452139247763486,5.422369819476151,-1.717050026596172,0.15023217131535593,5.504399727552585,1.3426855037561365,0.8847540993774461,5.310946514634047,1.651226907594821,-0.5267839788450756,4.0241289052334555,0.8310060565387346,-1.630359021449765,4.181707814039998,0.05902366904848036,-1.2911763427948117,1.9095117495265854,1.0509628700338016,2.635135974576311
-0.9006126954921255,-0.395217268173985,-0.1808316445080918,7.667377805778045,0.4140513190582509,-0.9066841750000948,-0.08053143479734881,-1.7158820315844188,-0.13212977675198995,-0.14740121350073693,0.9802115100089264,0.5619256420955657,0.0,0.0,0.0,1.0,-0.8873342821598416,-0.4580812114034057,0.05291006958100791,7.549449474533555,0.4610580976702063,-0.8833223666230955,0.0846582966761331,-1.844290765506747,0.0079562727837366,0.09951482493860923,0.9950042700113547,0.5887362368633389,0.0,0.0,0.0,1.0,1.4535179676834216,0.3910011083092515,-0.47859380364048465,3.6851618896202956,1.669891702479533,0.04493665432114721,3.299410154885533,-0.24588594929568103,1.2006243775270216,1.6945516187581429,-0.07434129187752059,0.6789370478717061,5.1612040938836365,0.07767408459495306,-0.3689235212667409,3.5290934784888908,0.7476071202459982,1.2913132328371504,3.3371573519471824,0.7844283353712189,-0.14657743022717812,3.6195849290044757,1.7154783215534612,0.5861269384543841,5.07754926230447,-1.3320126899718894,-0.6536546742568794,3.4668502324191777,-1.8610160526328148,0.7582377747335571,5.923482920617524,2.0969623083413196,0.8866499398802258,2.982176718207758,0.7597432849035949,-0.10018636051947427,4.943869228747996,-1.189384006177953,1.5452139247763486,5.422369819476151,-1.717050026596172,0.15023217131535593,5.504399727552585,1.3426855037561365,0.8847540993774461,5.310946514634047,1.651226907594821,-0.5267839788450756,4.0241289052334555,0.8310060565387346,-1.630359021449765,4.181707814039998,0.05902366904848036,-1.2911763427948117,1.9095117495265854,1.0509628700338016,2.635135974576311
-0.7942342106071756,-0.5807671895728557,-0.17860988275244985,7.329850915491255,0.5992127063339954,-0.7973577519838605,-0.07186618063550314,-2.2921739054245065,-0.10067845484057761,-0.1641038904684849,0.9812918841323522,0.9601739040708849,0.0,0.0,0.0,1.0,-0.8081129672453777,-0.5829940138311094,0.08409168809676502,7.2486348838493235,0.5805301750537311,-0.8124589292872181,-0.0538071005867422,-2.3337462140167027,0.09969026041673147,0.005335546697356017,0.9950042130159472,0.581215872096233,0.0,0.0,0.0,1.0,1.4535179676834216,0.3910011083092515,-0.47859380364048465,3.6851618896202956,1.669891702479533,0.04493665432114721,3.299410154885533,-0.24588594929568103,1.2006243775270216,1.6945516187581429,-0.07434129187752059,0.6789370478717061,5.1612040938836365,0.07767408459495306,-0.3689235212667409,3.5290934784888908,0.7476071202459982,1.2913132328371504,3.3371573519471824,0.7844283353712189,-0.14657743022717812,3.6195849290044757,1.7154783215534612,0.5861269384543841,5.07754926230447,-1.3320126899718894,-0.6536546742568794,3.4668502324191777,-1.8610160526328148,0.7582377747335571,5.923482920617524,2.0969623083413196,0.8866499398802258,2.982176718207758,0.7597432849035949,-0.10018636051947427,4.943869228747996,-1.189384006177953,1.5452139247763486,5.422369819476151,-1.717050026596172,0.15023217131535593,5.504399727552585,1.3426855037561365,0.8847540993774461,5.310946514634047,1.651226907594821,-0.5267839788450756,4.0241289052334555,0.8310060565387346,-1.630359021449765,4.181707814039998,0.05902366904848036,-1.2911763427948117,1.9095117495265854,1.0509628700338016,2.635135974576311
-0.7270693789140044,-0.6669852638140096,-0.16279058971746593,7.0444113021906976,0.6816354269536516,-0.7296248012210113,-0.05496175183628056,-2.709969146384858,-0.08211737311505561,-0.1509248398977317,0.9851286361356708,0.4396162388762892,0.0,0.0,0.0,1.0,-0.7192253438507142,-0.6925262194346218,-0.05587790402665809,6.877334742800908,0.6945600759457413,-0.714662786228283,-0.08272486254249108,-2.778658809186697,0.017355277729512043,-0.09830837897157067,0.9950046517272738,0.5719333685700227,0.0,0.0,0.0,1.0,1.4535179676834216,0.3910011083092515,-0.47859380364048465,3.6851618896202956,1.669891702479533,0.04493665432114721,3.299410154885533,-0.24588594929568103,1.2006243775270216,1.6945516187581429,-0.07434129187752059,0.6789370478717061,5.1612040938836365,0.07767408459495306,-0.3689235212667409,3.5290934784888908,0.7476071202459982,1.2913132328371504,3.3371573519471824,0.7844283353712189,-0.14657743022717812,3.6195849290044757,1.7154783215534612,0.5861269384543841,5.07754926230447,-1.3320126899718894,-0.6536546742568794,3.4668502324191777,-1.8610160526328148,0.7582377747335571,5.923482920617524,2.0969623083413196,0.8866499398802258,2.982176718207758,0.7597432849035949,-0.10018636051947427,4.943869228747996,-1.189384006177953,1.5452139247763486,5.422369819476151,-1.717050026596172,0.15023217131535593,5.504399727552585,1.3426855037561365,0.8847540993774461,5.310946514634047,1.651226907594821,-0.5267839788450756,4.0241289052334555,0.8310060565387346,-1.630359021449765,4.181707814039998,0.05902366904848036,-1.2911763427948117,1.9095117495265854,1.0509628700338016,2.635135974576311
-0.6371853722151061,-0.7494181476663746,-0.17990898083029877,6.60371428350965,0.7671591403083088,-0.6391105250303011,-0.0548141426724003,-3.0934699043968648,-0.07390300992864794,-0.17294558896888126,0.9821548596732055,0.4056460483049974,0.0,0.0,0.0,1.0,-0.6055971012715825,-0.7918453558045506,-0.07894987917800253,6.433757693935593,0.7898930194661407,-0.6101945616338361,0.06108694419557864,-3.174401280117135,-0.09654619997762628,-0.025367882120018056,0.9950051767838322,0.5608439423483899,0.0,0.0,0.0,1.0,1.4535179676834216,0.3910011083092515,-0.47859380364048465,3.6851618896202956,1.669891702479533,0.04493665432114721,3.299410154885533,-0.24588594929568103,1.2006243775270216,1.6945516187581429,-0.07434129187752059,0.6789370478717061,5.1612040938836365,0.07767408459495306,-0.3689235212667409,3.5290934784888908,0.7476071202459982,1.2913132328371504,3.3371573519471824,0.7844283353712189,-0.14657743022717812,3.6195849290044757,1.7154783215534612,0.5861269384543841,5.07754926230447,-1.3320126899718894,-0.6536546742568794,3.4668502324191777,-1.8610160526328148,0.7582377747335571,5.923482920617524,2.0969623083413196,0.8866499398802258,2.982176718207758,0.7597432849035949,-0.10018636051947427,4.943869228747996,-1.189384006177953,1.5452139247763486,5.422369819476151,-1.717050026596172,0.15023217131535593,5.504399727552585,1.3426855037561365,0.8847540993774461,5.310946514634047,1.651226907594821,-0.5267839788450756,4.0241289052334555,0.8310060565387346,-1.630359021449765,4.181707814039998,0.05902366904848036,-1.2911763427948117,1.9095117495265854,1.0509628700338016,2.635135974576311
-0.4990288367068619,-0.8541628407368136,-0.14620554585723783,5.993540380669488,0.8658688213682106,-0.4983281008372955,-0.04404870143737633,-3.4461149622539353,-0.03523356804840045,-0.14857639590564417,0.988273064624483,0.22144613770791954,0.0,0.0,0.0,1.0,-0.4859818490729034,-0.871611642603306,0.06414660435321952,5.945173200358751,0.8732360128650336,-0.4812594336281286,0.0764736776905099,-3.4951825732865647,-0.03578418934754307,0.09317994431367545,0.9950060249920297,0.5486293300089687,0.0,0.0,0.0,1.0,1.4535179676834216,0.3910011083092515,-0.47859380364048465,3.6851618896202956,1.669891702479533,0.04493665432114721,3.299410154885533,-0.24588594929568103,1.2006243775270216,1.6945516187581429,-0.07434129187752059,0.6789370478717061,5.1612040938836365,0.07767408459495306,-0.3689235212667409,3.5290934784888908,0.7476071202459982,1.2913132328371504,3.3371573519471824,0.7844283353712189,-0.14657743022717812,3.6195849290044757,1.7154783215534612,0.5861269384543841,5.07754926230447,-1.3320126899718894,-0.6536546742568794,3.4668502324191777,-1.8610160526328148,0.7582377747335571,5.923482920617524,2.0969623083413196,0.8866499398802258,2.982176718207758,0.7597432849035949,-0.10018636051947427,4.943869228747996,-1.189384006177953,1.5452139247763486,5.422369819476151,-1.717050026596172,0.15023217131535593,5.504399727552585,1.3426855037561365,0.8847540993774461,5.310946514634047,1.651226907594821,-0.5267839788450756,4.0241289052334555,0.8310060565387346,-1.630359021449765,4.181707814039998,0.05902366904848036,-1.2911763427948117,1.9095117495265854,1.0509628700338016,2.635135974576311
-0.357546067745,-0.9236221546503172,-0.13814096017906471,5.610031177740499,0.9338877449723648,-0.35421283787894703,-0.04885637391552265,-3.62440861168285,-0.0038064721880926725,-0.1464765541677185,0.989206818541317,0.5839958719717627,0.0,0.0,0.0,1.0,-0.34881753421686656,-0.9344760418662948,0.0712801164474896,5.401017445684722,0.9328122413444745,-0.3535255795741459,-0.0698640607513039,-3.7466184909711657,0.0904856354387962,0.042121155785030714,0.9950066120456539,0.5350254361421181,0.0,0.0,0.0,1.0,1.4535179676834216,0.3910011083092515,-0.47859380364048465,3.6851618896202956,1.669891702479533,0.04493665432114721,3.299410154885533,-0.24588594929568103,1.2006243775270216,1.6945516187581429,-0.07434129187752059,0.6789370478717061,5.1612040938836365,0.07767408459495306,-0.3689235212667409,3.5290934784888908,0.7476071202459982,1.2913132328371504,3.3371573519471824,0.7844283353712189,-0.14657743022717812,3.6195849290044757,1.7154783215534612,0.5861269384543841,5.07754926230447,-1.3320126899718894,-0.6536546742568794,3.4668502324191777,-1.8610160526328148,0.7582377747335571,5.923482920617524,2.0969623083413196,0.8866499398802258,2.982176718207758,0.7597432849035949,-0.10018636051947427,4.943869228747996,-1.189384006177953,1.5452139247763486,5.422369819476151,-1.717050026596172,0.15023217131535593,5.504399727552585,1.3426855037561365,0.8847540993774461,5.310946514634047,1.651226907594821,-0.5267839788450756,4.0241289052334555,0.8310060565387346,-1.630359021449765,4.181707814039998,0.05902366904848036,-1.2911763427948117,1.9095117495265854,1.0509628700338016,2.635135974576311
-0.19146399330582903,-0.9789697066728962,-0.07042622156675082,4.857590002705955,0.9807123350363984,-0.1879438740801668,-0.053669508132593684,-3.9143910347513806,0.03930464571576063,-0.07934364254634506,0.9960721516098304,-0.09029377617324813,0.0,0.0,0.0,1.0,-0.20731609990965627,-0.97543268386266,-0.07450579823569166,4.830289605272177,0.9770117941914879,-0.2025796621311704,-0.06640357295771648,-3.9128786297784623,0.049678855954815776,-0.08655957337758219,0.9950072620477258,0.5207572401318045,0.0,0.0,0.0,1.0,1.4535179676834216,0.3910011083092515,-0.47859380364048465,3.6851618896202956,1.669891702479533,0.04493665432114721,3.299410154885533,-0.24588594929568103,1.2006243775270216,1.6945516187581429,-0.07434129187752059,0.6789370478717061,5.1612040938836365,0.07767408459495306,-0.3689235212667409,3.5290934784888908,0.7476071202459982,1.2913132328371504,3.3371573519471824,0.7844283353712189,-0.14657743022717812,3.6195849290044757,1.7154783215534612,0.5861269384543841,5.07754926230447,-1.3320126899718894,-0.6536546742568794,3.4668502324191777,-1.8610160526328148,0.7582377747335571,5.923482920617524,2.0969623083413196,0.8866499398802258,2.982176718207758,0.7597432849035949,-0.10018636051947427,4.943869228747996,-1.189384006177953,1.5452139247763486,5.422369819476151,-1.717050026596172,0.15023217131535593,5.504399727552585,1.3426855037561365,0.8847540993774461,5.310946514634047,1.651226907594821,-0.5267839788450756,4.0241289052334555,0.8310060565387346,-1.630359021449765,4.181707814039998,0.05902366904848036,-1.2911763427948117,1.9095117495265854,1.0509628700338016,2.635135974576311
-0.0504831484946562,-0.9980963318417555,-0.03542829493635058,4.2471188955359365,0.998438883415399,-0.04958799842168318,-0.02570654579559928,-3.9935077844319453,0.023900790829523084,-0.03667073460624525,0.9990415453929635,-0.0016817184332734714,0.0,0.0,0.0,1.0,-0.05511436197377506,-0.996843188475679,-0.05714949425730242,4.221257628999693,0.9948580100465185,-0.05969521122061783,0.08181700070038664,-3.9938759446945067,-0.08497027098053145,-0.05234634033977509,0.9950074942946548,0.5055314407249923,0.0,0.0,0.0,1.0,1.4535179676834216,0.3910011083092515,-0.47859380364048465,3.6851618896202956,1.669891702479533,0.04493665432114721,3.299410154885533,-0.24588594929568103,1.2006243775270216,1.6945516187581429,-0.07434129187752059,0.6789370478717061,5.1612040938836365,0.07767408459495306,-0.3689235212667409,3.5290934784888908,0.7476071202459982,1.2913132328371504,3.3371573519471824,0.7844283353712189,-0.14657743022717812,3.6195849290044757,1.7154783215534612,0.5861269384543841,5.07754926230447,-1.3320126899718894,-0.6536546742568794,3.4668502324191777,-1.8610160526328148,0.7582377747335571,5.923482920617524,2.0969623083413196,0.8866499398802258,2.982176718207758,0.7597432849035949,-0.10018636051947427,4.943869228747996,-1.189384006177953,1.5452139247763486,5.422369819476151,-1.717050026596172,0.15023217131535593,5.504399727552585,1.3426855037561365,0.8847540993774461,5.310946514634047,1.651226907594821,-0.5267839788450756,4.0241289052334555,0.8310060565387346,-1.630359021449765,4.181707814039998,0.05902366904848036,-1.2911763427948117,1.9095117495265854,1.0509628700338016,2.635135974576311
0.04578170185581993,-0.9989418873217017,0.00437510335186392,3.8014816168611505,0.9988733935024673,0.045722928453775825,-0.012702659818940967,-4.028533288375505,0.012489176436003327,0.004951723716607,0.9999097463792341,0.07175020651986563,0.0,0.0,0.0,1.0,0.09435466635598266,-0.991800387236783,0.08619274223401245,3.621935781821127,0.9938234600288517,0.09891845192818838,0.050299802826773904,-3.982093349851657,-0.058413416550762085,0.0809143482028892,0.9950079100297488,0.4905483945455281,0.0,0.0,0.0,1.0,1.4535179676834216,0.3910011083092515,-0.47859380364048465,3.6851618896202956,1.669891702479533,0.04493665432114721,3.299410154885533,-0.24588594929568103,1.2006243775270216,1.6945516187581429,-0.07434129187752059,0.6789370478717061,5.1612040938836365,0.07767408459495306,-0.3689235212667409,3.5290934784888908,0.7476071202459982,1.2913132328371504,3.3371573519471824,0.7844283353712189,-0.14657743022717812,3.6195849290044757,1.7154783215534612,0.5861269384543841,5.07754926230447,-1.3320126899718894,-0.6536546742568794,3.4668502324191777,-1.8610160526328148,0.7582377747335571,5.923482920617524,2.0969623083413196,0.8866499398802258,2.982176718207758,0.7597432849035949,-0.10018636051947427,4.943869228747996,-1.189384006177953,1.5452139247763486,5.422369819476151,-1.717050026596172,0.15023217131535593,5.504399727552585,1.3426855037561365,0.8847540993774461,5.310946514634047,1.651226907594821,-0.5267839788450756,4.0241289052334555,0.8310060565387346,-1.630359021449765,4.181707814039998,0.05902366904848036,-1.2911763427948117,1.9095117495265854,1.0509628700338016,2.635135974576311
0.23207517922368234,-0.9588924730659187,-0.16329830460179887,3.2285176980923986,0.9665077540808839,0.24623521503051007,-0.07232551541747485,-3.7846257683930014,0.1095621854921714,-0.14104412067294517,0.9839220922073935,-0.1641119044669368,0.0,0.0,0.0,1.0,0.2462835340148951,-0.9684314203309987,0.038535762465773886,3.0117122263293306,0.9659050577092081,0.24197801731879942,-0.09205465021515392,-3.875988554731951,0.07982380825859861,0.0598934324458648,0.995008008201415,0.4752928056582333,0.0,0.0,0.0,1.0,1.4535179676834216,0.3910011083092515,-0.47859380364048465,3.6851618896202956,1.669891702479533,0.04493665432114721,3.299410154885533,-0.24588594929568103,1.2006243775270216,1.6945516187581429,-0.07434129187752059,0.6789370478717061,5.1612040938836365,0.07767408459495306,-0.3689235212667409,3.5290934784888908,0.7476071202459982,1.2913132328371504,3.3371573519471824,0.7844283353712189,-0.14657743022717812,3.6195849290044757,1.7154783215534612,0.5861269384543841,5.07754926230447,-1.3320126899718894,-0.6536546742568794,3.4668502324191777,-1.8610160526328148,0.7582377747335571,5.923482920617524,2.0969623083413196,0.8866499398802258,2.982176718207758,0.7597432849035949,-0.10018636051947427,4.943869228747996,-1.189384006177953,1.5452139247763486,5.422369819476151,-1.717050026596172,0.15023217131535593,5.504399727552585,1.3426855037561365,0.8847540993774461,5.310946514634047,1.651226907594821,-0.5267839788450756,4.0241289052334555,0.8310060565387346,-1.630359021449765,4.181707814039998,0.05902366904848036,-1.2911763427948117,1.9095117495265854,1.0509628700338016,2.635135974576311
0.3436067496378421,-0.9289662936720304,-0.1376808876517302,2.797805779495503,0.93084209271064,0.35631566714609475,-0.081068759607567,-3.800601872668132,0.124368002482123,-0.10030339260206744,0.9871533970924283,-0.4740917806470266,0.0,0.0,0.0,1.0,0.3906102381579094,-0.9155680432530509,-0.09570161973551418,2.4343820712303206,0.9183514189024469,0.3947540384579179,-0.028282866209548407,-3.680874964069676,0.06367348935062227,-0.07684014116947185,0.9950081805990199,0.46085955178075805,0.0,0.0,0.0,1.0,1.4535179676834216,0.3910011083092515,-0.47859380364048465,3.6851618896202956,1.669891702479533,0.04493665432114721,3.299410154885533,-0.24588594929568103,1.2006243775270216,1.6945516187581429,-0.07434129187752059,0.6789370478717061,5.1612040938836365,0.07767408459495306,-0.3689235212667409,3.5290934784888908,0.7476071202459982,1.2913132328371504,3.3371573519471824,0.7844283353712189,-0.14657743022717812,3.6195849290044757,1.7154783215534612,0.5861269384543841,5.07754926230447,-1.3320126899718894,-0.6536546742568794,3.4668502324191777,-1.8610160526328148,0.7582377747335571,5.923482920617524,2.0969623083413196,0.8866499398802258,2.982176718207758,0.7597432849035949,-0.10018636051947427,4.943869228747996,-1.189384006177953,1.5452139247763486,5.422369819476151,-1.717050026596172,0.15023217131535593,5.504399727552585,1.3426855037561365,0.8847540993774461,5.310946514634047,1.651226907594821,-0.5267839788450756,4.0241289052334555,0.8310060565387346,-1.630359021449765,4.181707814039998,0.05902366904848036,-1.2911763427948117,1.9095117495265854,1.0509628700338016,2.635135974576311
0.4909915822017584,-0.8689039559382287,-0.06271508241173977,2.0974327438225444,0.8711634678683676,0.4896166780144885,0.036738547353106416,-3.517327022961812,-0.001215918818696999,-0.07267340617415746,0.9973550509103924,0.3582150292376435,0.0,0.0,0.0,1.0,0.5272600130340426,-0.8495631885726821,-0.015468266792328704,1.884897591157232,0.8463289233166406,0.5234577481495005,0.09858671036174198,-3.3950466565435473,-0.07565865590292492,-0.06507207177024156,0.9950082377862463,0.4471224397789308,0.0,0.0,0.0,1.0,1.4535179676834216,0.3910011083092515,-0.47859380364048465,3.6851618896202956,1.669891702479533,0.04493665432114721,3.299410154885533,-0.24588594929568103,1.2006243775270216,1.6945516187581429,-0.07434129187752059,0.6789370478717061,5.1612040938836365,0.07767408459495306,-0.3689235212667409,3.5290934784888908,0.7476071202459982,1.2913132328371504,3.3371573519471824,0.7844283353712189,-0.14657743022717812,3.6195849290044757,1.7154783215534612,0.5861269384543841,5.07754926230447,-1.3320126899718894,-0.6536546742568794,3.4668502324191777,-1.8610160526328148,0.7582377747335571,5.923482920617524,2.0969623083413196,0.8866499398802258,2.982176718207758,0.7597432849035949,-0.10018636051947427,4.943869228747996,-1.189384006177953,1.5452139247763486,5.422369819476151,-1.717050026596172,0.15023217131535593,5.504399727552585,1.3426855037561365,0.8847540993774461,5.310946514634047,1.651226907594821,-0.5267839788450756,4.0241289052334555,0.8310060565387346,-1.630359021449765,4.181707814039998,0.05902366904848036,-1.2911763427948117,1.9095117495265854,1.0509628700338016,2.635135974576311
0.6124935929768869,-0.7804044514369955,-0.12577953227606112,1.663748484347427,0.7803670876203825,0.6223228280710587,-0.061167852835633744,-3.1641531699714402,0.12601113887726495,-0.060689289326544986,0.9901706938906512,-0.5104631180651253,0.0,0.0,0.0,1.0,0.6490495933546709,-0.7541964470877469,0.09961096609488171,1.3974994517385655,0.7575601101890719,0.6527377638992389,0.006007581055882581,-3.0375962365493763,-0.06955073555655428,0.07156207640951268,0.9950083237860381,0.4349374862934641,0.0,0.0,0.0,1.0,1.4535179676834216,0.3910011083092515,-0.47859380364048465,3.6851618896202956,1.669891702479533,0.04493665432114721,3.299410154885533,-0.24588594929568103,1.2006243775270216,1.6945516187581429,-0.07434129187752059,0.6789370478717061,5.1612040938836365,0.07767408459495306,-0.3689235212667409,3.5290934784888908,0.7476071202459982,1.2913132328371504,3.3371573519471824,0.7844283353712189,-0.14657743022717812,3.6195849290044757,1.7154783215534612,0.5861269384543841,5.07754926230447,-1.3320126899718894,-0.6536546742568794,3.4668502324191777,-1.8610160526328148,0.7582377747335571,5.923482920617524,2.0969623083413196,0.8866499398802258,2.982176718207758,0.7597432849035949,-0.10018636051947427,4.943869228747996,-1.189384006177953,1.5452139247763486,5.422369819476151,-1.717050026596172,0.15023217131535593,5.504399727552585,1.3426855037561365,0.8847540993774461,5.310946514634047,1.651226907594821,-0.5267839788450756,4.0241289052334555,0.8310060565387346,-1.630359021449765,4.181707814039998,0.05902366904848036,-1.2911763427948117,1.9095117495265854,1.0509628700338016,2.635135974576311
0.7573774039603641,-0.635097112131427,-0.15176009400557372,1.102375803614796,0.6342159288319943,0.7707847898348511,-0.060505895374043564,-2.4495406501680184,0.15540149158238495,-0.05042287101668493,0.9865636880062048,-0.5022330558406372,0.0,0.0,0.0,1.0,0.7574185293560357,-0.6529043327035291,-0.005753583674482893,0.9630066724794966,0.649232579729432,0.7540369506813979,-0.0996259726425081,-2.60320408892502,0.06938464387749416,0.07172314371287945,0.9950083225028497,0.4240751668119874,0.0,0.0,0.0,1.0,1.4535179676834216,0.3910011083092515,-0.47859380364048465,3.6851618896202956,1.669891702479533,0.04493665432114721,3.299410154885533,-0.24588594929568103,1.2006243775270216,1.6945516187581429,-0.07434129187752059,0.6789370478717061,5.1612040938836365,0.07767408459495306,-0.3689235212667409,3.5290934784888908,0.7476071202459982,1.2913132328371504,3.3371573519471824,0.7844283353712189,-0.14657743022717812,3.6195849290044757,1.7154783215534612,0.5861269384543841,5.07754926230447,-1.3320126899718894,-0.6536546742568794,3.4668502324191777,-1.8610160526328148,0.7582377747335571,5.923482920617524,2.0969623083413196,0.8866499398802258,2.982176718207758,0.7597432849035949,-0.10018636051947427,4.943869228747996,-1.189384006177953,1.5452139247763486,5.422369819476151,-1.717050026596172,0.15023217131535593,5.504399727552585,1.3426855037561365,0.8847540993774461,5.310946514634047,1.651226907594821,-0.5267839788450756,4.0241289052334555,0.8310060565387346,-1.630359021449765,4.181707814039998,0.05902366904848036,-1.2911763427948117,1.9095117495265854,1.0509628700338016,2.635135974576311
0.8260675081284327,-0.5438030105251075,-0.14795525593338044,0.8032424205770323,0.5356344498834166,0.8392112371527642,-0.09391610902617682,-2.2510826546219014,0.17523757620034514,-0.001668885962864534,0.9845247618557244,-0.7621916360166494,0.0,0.0,0.0,1.0,0.8476183158823529,-0.5214460679859194,-0.09816918438485593,0.6001642557013742,0.5253981026918408,0.8506676839837348,0.017925543605779484,-2.1073957653439015,0.07416214848949378,-0.06677192230101527,0.9950082844497574,0.4150041063925344,0.0,0.0,0.0,1.0,1.4535179676834216,0.3910011083092515,-0.47859380364048465,3.6851618896202956,1.669891702479533,0.04493665432114721,3.299410154885533,-0.24588594929568103,1.2006243775270216,1.6945516187581429,-0.07434129187752059,0.6789370478717061,5.1612040938836365,0.07767408459495306,-0.3689235212667409,3.5290934784888908,0.7476071202459982,1.2913132328371504,3.3371573519471824,0.7844283353712189,-0.14657743022717812,3.6195849290044757,1.7154783215534612,0.5861269384543841,5.07754926230447,-1.3320126899718894,-0.6536546742568794,3.4668502324191777,-1.8610160526328148,0.7582377747335571,5.923482920617524,2.0969623083413196,0.8866499398802258,2.982176718207758,0.7597432849035949,-0.10018636051947427,4.943869228747996,-1.189384006177953,1.5452139247763486,5.422369819476151,-1.717050026596172,0.15023217131535593,5.504399727552585,1.3426855037561365,0.8847540993774461,5.310946514634047,1.651226907594821,-0.5267839788450756,4.0241289052334555,0.8310060565387346,-1.630359021449765,4.181707814039998,0.05902366904848036,-1.2911763427948117,1.9095117495265854,1.0509628700338016,2.635135974576311
0.900516853665393,-0.43179411299409953,-0.051217577531749534,0.4385578722335639,0.4341944887163667,0.8992806359974882,0.05262588420431776,-1.7692396846393574,0.023335428706468903,-0.06962888555472031,0.9972999930128809,0.24009348705529449,0.0,0.0,0.0,1.0,0.9182713704757404,-0.3949576067947548,0.028038883707548826,0.31948778497717045,0.3908273987597801,0.9154678522470382,0.09577346125550099,-1.5664705024569539,-0.06349515369907703,-0.07698766353874484,0.9950081733933523,0.4079871946244293,0.0,0.0,0.0,1.0,1.4535179676834216,0.3910011083092515,-0.47859380364048465,3.6851618896202956,1.669891702479533,0.04493665432114721,3.299410154885533,-0.24588594929568103,1.2006243775270216,1.6945516187581429,-0.07434129187752059,0.6789370478717061,5.1612040938836365,0.07767408459495306,-0.3689235212667409,3.5290934784888908,0.7476071202459982,1.2913132328371504,3.3371573519471824,0.7844283353712189,-0.14657743022717812,3.6195849290044757,1.7154783215534612,0.5861269384543841,5.07754926230447,-1.3320126899718894,-0.6536546742568794,3.4668502324191777,-1.8610160526328148,0.7582377747335571,5.923482920617524,2.0969623083413196,0.8866499398802258,2.982176718207758,0.7597432849035949,-0.10018636051947427,4.943869228747996,-1.189384006177953,1.5452139247763486,5.422369819476151,-1.717050026596172,0.15023217131535593,5.504399727552585,1.3426855037561365,0.8847540993774461,5.310946514634047,1.651226907594821,-0.5267839788450756,4.0241289052334555,0.8310060565387346,-1.630359021449765,4.181707814039998,0.05902366904848036,-1.2911763427948117,1.9095117495265854,1.0509628700338016,2.635135974576311
0.9685724688381004,-0.24824970638056412,-0.015474362372315857,0.0801703602466679,0.24835854618714842,0.968652387143189,0.005530408448490241,-1.010733039334116,0.013616355777960238,-0.009199791506598736,0.999864970229262,0.27104272416475406,0.0,0.0,0.0,1.0,0.9669308849986123,-0.2384448838407278,0.09049144161732615,0.12055828452689576,0.24292513593448042,0.9691322357687377,-0.04207241287473225,-0.9746445384072617,-0.07766622153172083,0.06266376117078792,0.9950081462324397,0.4030139571131724,0.0,0.0,0.0,1.0,1.4535179676834216,0.3910011083092515,-0.47859380364048465,3.6851618896202956,1.669891702479533,0.04493665432114721,3.299410154885533,-0.24588594929568103,1.2006243775270216,1.6945516187581429,-0.07434129187752059,0.6789370478717061,5.1612040938836365,0.07767408459495306,-0.3689235212667409,3.5290934784888908,0.7476071202459982,1.2913132328371504,3.3371573519471824,0.7844283353712189,-0.14657743022717812,3.6195849290044757,1.7154783215534612,0.5861269384543841,5.07754926230447,-1.3320126899718894,-0.6536546742568794,3.4668502324191777,-1.8610160526328148,0.7582377747335571,5.923482920617524,2.0969623083413196,0.8866499398802258,2.982176718207758,0.7597432849035949,-0.10018636051947427,4.943869228747996,-1.189384006177953,1.5452139247763486,5.422369819476151,-1.717050026596172,0.15023217131535593,5.504399727552585,1.3426855037561365,0.8847540993774461,5.310946514634047,1.651226907594821,-0.5267839788450756,4.0241289052334555,0.8310060565387346,-1.630359021449765,4.181707814039998,0.05902366904848036,-1.2911763427948117,1.9095117495265854,1.0509628700338016,2.635135974576311
