{
 "cells": [
  {
   "cell_type": "markdown",
   "metadata": {},
   "source": [
    "## DATA Preprocess"
   ]
  },
  {
   "cell_type": "markdown",
   "metadata": {},
   "source": [
    "### Coordinate transform"
   ]
  },
  {
   "cell_type": "code",
   "execution_count": 4,
   "metadata": {},
   "outputs": [],
   "source": [
    "import numpy as np\n",
    "import cvxpy as cp\n",
    "\n",
    "T_z_90 = np.array([[0,-1,0,0],[1,0,0,0],[0,0,1,0],[ 0,0,0,1]])\n",
    "T_z_min90 = T_z_90.T\n",
    "R_z_90 = T_z_90[:3, :3]\n",
    "\n",
    "\n",
    "def coordinate_transform(P0, P1, Pose0, Pose1):\n",
    "    def Transformation_matrix(Pose0, Pose1):\n",
    "        # T1 = T0 @ T\n",
    "        T_matrix = np.linalg.inv(Pose0) @ Pose1 \n",
    "        # x-axis oriented switched to y-axis oriented\n",
    "        T_matrix = T_z_90 @ T_matrix @ T_z_min90\n",
    "        # get transforamtion matrix\n",
    "        T_matrix = np.linalg.inv(T_matrix)\n",
    "        return T_matrix\n",
    "    P0 = (T_z_90 @ P0)[:3]\n",
    "    P1 = (T_z_90 @ P1)[:3]\n",
    "    T_matrix = Transformation_matrix(Pose0, Pose1)\n",
    "    return P0, P1, T_matrix\n"
   ]
  },
  {
   "cell_type": "markdown",
   "metadata": {},
   "source": [
    "### Testing example"
   ]
  },
  {
   "cell_type": "code",
   "execution_count": 5,
   "metadata": {},
   "outputs": [],
   "source": [
    "\n",
    "{'Pose': [[0.9947831471329273, 0.10201220603589002, 0.0, -0.13595595336837749], [-0.10201220603589002, 0.9947831471329273, -0.0, -1.9524370759126866], [-0.0, 0.0, 1.0, -0.3570108264917502], [0.0, 0.0, 0.0, 1.0]], \n",
    " 'theta_Rho': [[-0.8427304625511169, 2.9157803058624268]], \n",
    " 's_p': [[1.92564058303833, 2.1601450443267822, 0.3570108413696289]], 'w_p': [[2.0, 0.0, 0.0]]}\n",
    "{'Pose': [[0.8676190607260436, -0.49722948973774467, 0.0, 0.7461405519015483], [0.49722948973774467, 0.8676190607260436, 0.0, -0.5554558458716767], [0.0, 0.0, 1.0, -0.37813731018453933], [0.0, 0.0, 0.0, 1.0]], \n",
    " 'theta_Rho': [[0.10338770598173141, 1.4225620031356812]], \n",
    " 's_p': [[1.3640613555908203, -0.1415318101644516, 0.3781373202800751]], 'w_p': [[2.0, 0.0, 0.0]]}\n",
    "\n",
    "theta_Rho = np.array([-0.8427304625511169, 2.9157803058624268]) \n",
    "theta_Rho_prime = np.array([0.10338770598173141, 1.4225620031356812]) \n",
    "Pose0 =  np.array([[0.9947831471329273, 0.10201220603589002, 0.0, -0.13595595336837749], [-0.10201220603589002, 0.9947831471329273, -0.0, -1.9524370759126866], [-0.0, 0.0, 1.0, -0.3570108264917502], [0.0, 0.0, 0.0, 1.0]])\n",
    "Pose1 =  np.array([[0.8676190607260436, -0.49722948973774467, 0.0, 0.7461405519015483], [0.49722948973774467, 0.8676190607260436, 0.0, -0.5554558458716767], [0.0, 0.0, 1.0, -0.37813731018453933], [0.0, 0.0, 0.0, 1.0]])\n",
    "P0 = np.array([1.92564058303833, 2.1601450443267822, 0.3570108413696289, 1])\n",
    "P1 = np.array([1.3640613555908203, -0.1415318101644516, 0.3781373202800751, 1])\n",
    "\n",
    "P0, P1, T_matrix = coordinate_transform(P0, P1, Pose0, Pose1)"
   ]
  },
  {
   "cell_type": "markdown",
   "metadata": {},
   "source": [
    "## Calculate Determinant\n"
   ]
  },
  {
   "cell_type": "code",
   "execution_count": 6,
   "metadata": {},
   "outputs": [
    {
     "name": "stdout",
     "output_type": "stream",
     "text": [
      "determiant:  -0.03191912774507307\n"
     ]
    }
   ],
   "source": [
    "def compute_D(T_matrix, theta, theta_prime):\n",
    "    \n",
    "    R = T_matrix[:3, :3]\n",
    "    t = T_matrix[:3, 3]\n",
    "    \n",
    "    \"\"\"\n",
    "    Compute the determinant D(A0; R, t) for given parameters.\n",
    "    \"\"\"\n",
    "    def skew_symmetric_matrix(t):\n",
    "        \"\"\"\n",
    "        Create a skew-symmetric matrix for a vector t.\n",
    "        \"\"\"\n",
    "        return np.array([\n",
    "            [0, -t[2], t[1]],\n",
    "            [t[2], 0, -t[0]],\n",
    "            [-t[1], t[0], 0]\n",
    "        ])\n",
    "    ux = np.array([1, 0, 0])\n",
    "    uy = np.array([0, 1, 0])\n",
    "    \n",
    "    r1 = R[0, :]\n",
    "    r2 = R[1, :]\n",
    "        \n",
    "    t_cross = skew_symmetric_matrix(t)\n",
    "    \n",
    "    determinant = - (r1 - np.tan(theta) * r2).T @ t_cross @ (ux - np.tan(theta_prime) * uy)\n",
    "    \n",
    "    return determinant\n",
    "\n",
    "determinant = compute_D(T_matrix, theta_Rho[0], theta_Rho_prime[0])\n",
    "print(\"determiant: \", determinant)\n",
    "##########################################################################\n"
   ]
  },
  {
   "cell_type": "markdown",
   "metadata": {},
   "source": [
    "## ANRS"
   ]
  },
  {
   "cell_type": "code",
   "execution_count": 7,
   "metadata": {},
   "outputs": [
    {
     "name": "stdout",
     "output_type": "stream",
     "text": [
      "Calculated P: [-2.16014499  1.92564049  0.35701138]\n",
      "The Ground truth value:  [-2.16014504  1.92564058  0.35701084]\n"
     ]
    }
   ],
   "source": [
    "\n",
    "def ANRS(T_matrix, theta_Rho, theta_Rho_prime):\n",
    "\n",
    "    # 将线性方程组写成矩阵形式 A @ P = B\n",
    "\n",
    "    R_matrix = T_matrix[:3, :3]\n",
    "    r1 = R_matrix[0, :]\n",
    "    r2 = R_matrix[1, :]\n",
    "    t = T_matrix[:3, 3]\n",
    "\n",
    "\n",
    "    theta = theta_Rho[0]\n",
    "    theta_prime = theta_Rho_prime[0]\n",
    "    R = theta_Rho[1]  # example value for R\n",
    "    R_prime = theta_Rho_prime[1] # example value for R'\n",
    "    \n",
    "    a1 = np.array([-1, np.tan(theta), 0])\n",
    "    b1 = 0 \n",
    "    a2 = np.tan(theta_prime) * r2 - r1\n",
    "    b2 = t[0] - np.tan(theta_prime) * t[1]\n",
    "    a3 = t.T @ R_matrix\n",
    "    b3 = (R_prime**2 - R**2 - np.linalg.norm(t)**2) / 2\n",
    "\n",
    "    A = np.vstack([a1, a2, a3])\n",
    "    b = np.array([b1, b2, b3])\n",
    "    ## Testing \n",
    "    wanted_result_P = P0\n",
    "    # print(\"A @ P = b:\\n\", (A @ wanted_result_P),\"\\n should equals to \\n\", b, \"\\n\" ) # P0 is what we want to get\n",
    "    \n",
    "    \n",
    "    # ANRS\n",
    "    P_o = np.linalg.inv(A) @ b\n",
    "    norm_P_o = np.linalg.norm(P_o)\n",
    "    P_hat_o = P_o / norm_P_o\n",
    "\n",
    "    A_tilde_prime = np.vstack([A, P_hat_o.T])\n",
    "    b_tilde_prime = np.append(b, R)\n",
    "\n",
    "    # 計算 \\(\\tilde{P}_o'\\)\n",
    "    P_tilde_prime = np.linalg.inv(A_tilde_prime.T @ A_tilde_prime) @ A_tilde_prime.T @ b_tilde_prime      \n",
    "    \n",
    "    return P_tilde_prime\n",
    "\n",
    "ANRS_res = ANRS(T_matrix, theta_Rho, theta_Rho_prime)\n",
    "print(\"Calculated P:\", ANRS_res)\n",
    "print(\"The Ground truth value: \", P0)\n"
   ]
  },
  {
   "cell_type": "markdown",
   "metadata": {},
   "source": [
    "## GTRS"
   ]
  },
  {
   "cell_type": "code",
   "execution_count": 8,
   "metadata": {},
   "outputs": [
    {
     "name": "stdout",
     "output_type": "stream",
     "text": [
      "Calculated result: [-2.16014499  1.92564049  0.35701137]\n",
      "Wanted result: [-2.16014504  1.92564058  0.35701084]\n"
     ]
    }
   ],
   "source": [
    "import numpy as np\n",
    "from scipy.linalg import eig\n",
    "\n",
    "def GTRS(T_matrix, theta_Rho, theta_Rho_prime):\n",
    "\n",
    "    # Extract components from T_matrix\n",
    "    R_matrix = T_matrix[:3, :3]\n",
    "    t = T_matrix[:3, 3]\n",
    "\n",
    "    # Extract theta, theta_prime, R, R_prime from inputs\n",
    "    theta = theta_Rho[0]\n",
    "    theta_prime = theta_Rho_prime[0]\n",
    "    R = theta_Rho[1]\n",
    "    R_prime = theta_Rho_prime[1]\n",
    "\n",
    "    # Define linear constraints in matrix form A @ P = B\n",
    "    r1 = R_matrix[0, :]\n",
    "    r2 = R_matrix[1, :]\n",
    "\n",
    "    a1 = np.array([-1, np.tan(theta), 0, 0])\n",
    "    b1 = 0 \n",
    "    a2 = np.tan(theta_prime) * r2 - r1\n",
    "    a2 = np.hstack([a2, 0])\n",
    "    b2 = t[0] - np.tan(theta_prime) * t[1]\n",
    "    a3 = t.T @ R_matrix\n",
    "    a3 = np.hstack([a3, 0])\n",
    "    b3 = (R_prime**2 - R**2 - np.linalg.norm(t)**2) / 2\n",
    "    a4 = np.array([0, 0, 0, 1])\n",
    "    b4 = R**2\n",
    "\n",
    "    # 将线性方程组写成矩阵形式 A @ P = B\n",
    "    A = np.vstack([a1, a2, a3, a4])\n",
    "    b = np.array([b1, b2, b3, b4])\n",
    "\n",
    "    ATA_be = A.T @ A\n",
    "    ATb_be = A.T @ b\n",
    "    D = np.diag([1,1,1,0])\n",
    "    g = np.zeros(4)\n",
    "    g[3] = -0.5\n",
    "\n",
    "    # eig_lambda = eig(D, ATA_be, right=False)\n",
    "    eig_lambda = np.real(eig(D, ATA_be, right=False))\n",
    "\n",
    "    lambda_min = -1 / np.max(eig_lambda)\n",
    "\n",
    "    # 找二分法的初始左端点\n",
    "    lambda_l = lambda_min + 2\n",
    "    y_l = np.linalg.solve(ATA_be + lambda_l * D, ATb_be - lambda_l * g)\n",
    "    while (y_l.T @ D @ y_l + 2 * g.T @ y_l) < 0:\n",
    "        lambda_l = (lambda_min + lambda_l) / 2\n",
    "        y_l = np.linalg.solve(ATA_be + lambda_l * D, ATb_be - lambda_l * g)\n",
    "\n",
    "    # 找二分法的初始右端点\n",
    "    lambda_u = lambda_min + 2\n",
    "    y_u = np.linalg.solve(ATA_be + lambda_u * D, ATb_be - lambda_u * g)\n",
    "    while (y_u.T @ D @ y_u + 2 * g.T @ y_u) > 0:\n",
    "        lambda_u = lambda_u + (lambda_u - lambda_min) * 2\n",
    "        y_u = np.linalg.solve(ATA_be + lambda_u * D, ATb_be - lambda_u * g)\n",
    "\n",
    "    # 二分法找最优lambda\n",
    "    while (lambda_u - lambda_l) > 1e-15:\n",
    "        lambda_temp = (lambda_u + lambda_l) / 2\n",
    "        y_temp = np.linalg.solve(ATA_be + lambda_temp * D, ATb_be - lambda_temp * g)\n",
    "        if (y_temp.T @ D @ y_temp + 2 * g.T @ y_temp) > 0:\n",
    "            lambda_l = lambda_temp\n",
    "        else:\n",
    "            lambda_u = lambda_temp\n",
    "\n",
    "    y = np.linalg.solve(ATA_be + lambda_u * D, ATb_be - lambda_u * g)\n",
    "    pos = y[:3]\n",
    "    \n",
    "    # distance_constraint = y[3] - np.linalg.norm(pos)**2\n",
    "    # print('Distance constraint value:', distance_constraint)\n",
    "    \n",
    "    return pos\n",
    "\n",
    "\n",
    "# 调用CTOA_GTRS函数\n",
    "GTRS_res = GTRS(T_matrix, theta_Rho, theta_Rho_prime)\n",
    "\n",
    "# 显示结果\n",
    "print('Calculated result:', GTRS_res)\n",
    "print('Wanted result:', P0)"
   ]
  },
  {
   "cell_type": "markdown",
   "metadata": {},
   "source": [
    "### Problematic GTRS"
   ]
  },
  {
   "cell_type": "code",
   "execution_count": 9,
   "metadata": {},
   "outputs": [],
   "source": [
    "# import numpy as np\n",
    "# import cvxpy as cp\n",
    "\n",
    "# def GTRS_zeng(T_matrix, theta_Rho, theta_Rho_prime):\n",
    "#     # Extract components from T_matrix\n",
    "#     R_matrix = T_matrix[:3, :3]\n",
    "#     t = T_matrix[:3, 3]\n",
    "\n",
    "#     # Extract theta, theta_prime, R, R_prime from inputs\n",
    "#     theta = theta_Rho[0][0]\n",
    "#     theta_prime = theta_Rho_prime[0][0]\n",
    "#     R = theta_Rho[0][1]\n",
    "#     R_prime = theta_Rho_prime[0][1]\n",
    "\n",
    "#     # Define linear constraints in matrix form A @ P = B\n",
    "#     r1 = R_matrix[0, :]\n",
    "#     r2 = R_matrix[1, :]\n",
    "\n",
    "#     a1 = np.array([-1, np.tan(theta), 0, 0])\n",
    "#     b1 = 0 \n",
    "#     a2 = np.tan(theta_prime) * r2 - r1\n",
    "#     a2 = np.hstack([a2, 0])\n",
    "#     b2 = t[0] - np.tan(theta_prime) * t[1]\n",
    "#     a3 = t.T @ R_matrix\n",
    "#     a3 = np.hstack([a3, 0])\n",
    "#     b3 = (R_prime**2 - R**2 - np.linalg.norm(t)**2) / 2\n",
    "#     a4 = np.array([0, 0, 0, 1])\n",
    "#     b4 = R**2\n",
    "\n",
    "#     # 将线性方程组写成矩阵形式 A @ P = B\n",
    "#     A1 = np.vstack([a1, a2, a3, a4])\n",
    "#     b1 = np.array([b1, b2, b3, b4])\n",
    "\n",
    "#     D = np.diag([1, 1, 1, 0])\n",
    "#     g = np.array([0, 0, 0, -0.5])\n",
    "\n",
    "#     ATA = A1.T @ A1\n",
    "#     ATb = (A1.T @ b1).reshape(-1, 1)\n",
    "\n",
    "#     # Define variables\n",
    "#     t_var = cp.Variable()\n",
    "#     v = cp.Variable()\n",
    "\n",
    "#     # Define the problem\n",
    "#     semi_positive_mat = cp.bmat([[ATA + v * D, ATb - v * g.reshape(-1, 1)], [ATb.T - v * g.reshape(1, -1), cp.reshape(t_var, (1, 1))]])\n",
    "#     semi_positive_mat_val = semi_positive_mat\n",
    "#     constraints = [semi_positive_mat>>0]\n",
    "#     # print(semi_positive_mat_val)\n",
    "#     objective = cp.Minimize(t_var)\n",
    "\n",
    "#     prob = cp.Problem(objective, constraints)\n",
    "#     prob.solve(solver=cp.SCS, verbose=False)\n",
    "\n",
    "#     # Calculate the result\n",
    "#     y = np.linalg.inv(ATA + v.value * D) @ (ATb - v.value * g.reshape(-1, 1))\n",
    "#     x = y[:3].flatten()\n",
    "    \n",
    "#     return x\n",
    "\n",
    "\n",
    "# # 調用函數並打印結果\n",
    "# result = GTRS_zeng(T_matrix, theta_Rho, theta_Rho_prime)\n",
    "# print(result)\n"
   ]
  },
  {
   "cell_type": "markdown",
   "metadata": {},
   "source": [
    "## Performance Comparation"
   ]
  },
  {
   "cell_type": "code",
   "execution_count": 10,
   "metadata": {},
   "outputs": [
    {
     "name": "stdout",
     "output_type": "stream",
     "text": [
      "2.5763303050932375e-13\n",
      "2.4843507890432953e-13\n"
     ]
    }
   ],
   "source": [
    "print(np.sum(ANRS_res-P0)**2)\n",
    "print(np.sum(GTRS_res-P0)**2)"
   ]
  },
  {
   "cell_type": "code",
   "execution_count": 11,
   "metadata": {},
   "outputs": [
    {
     "name": "stdout",
     "output_type": "stream",
     "text": [
      "Distance:  0.23027711287573954\n",
      "determinant:  1 0.0008104671265972171\n",
      "T_matrix:\n",
      " [[ 0.99990946  0.0124861  -0.00501686 -0.18368821]\n",
      " [-0.01266722  0.99920278 -0.03785961 -0.06077924]\n",
      " [ 0.00454014  0.03791973  0.99927047  0.02104766]\n",
      " [ 0.          0.          0.          1.        ]]\n",
      "4.345320807235472e-10\n",
      "4.3384048751060836e-10\n",
      "\n",
      "Distance:  0.4007820610673674\n",
      "determinant:  2 0.0021253403217927997\n",
      "T_matrix:\n",
      " [[ 0.99934816  0.03132265 -0.01794866 -0.33426559]\n",
      " [-0.03254454  0.99684447 -0.07240137 -0.14602971]\n",
      " [ 0.01562422  0.07293831  0.99721406  0.00459399]\n",
      " [ 0.          0.          0.          1.        ]]\n",
      "7.998122058506846e-12\n",
      "8.061846424875438e-12\n",
      "\n",
      "Distance:  0.503310069382022\n",
      "determinant:  3 0.0062861836583787516\n",
      "T_matrix:\n",
      " [[ 0.99775532  0.05509545 -0.03806332 -0.42904985]\n",
      " [-0.05873437  0.99302488 -0.10223437 -0.24537478]\n",
      " [ 0.03216517  0.10424051  0.99403185 -0.05455015]\n",
      " [ 0.          0.          0.          1.        ]]\n",
      "4.1541986540406305e-14\n",
      "5.79639330504072e-14\n",
      "\n",
      "Distance:  0.5544070618102962\n",
      "determinant:  4 0.02333054025004388\n",
      "T_matrix:\n",
      " [[ 0.99451765  0.08246297 -0.0643001  -0.45288041]\n",
      " [-0.09007387  0.98790787 -0.12619327 -0.35380087]\n",
      " [ 0.0531163   0.13129319  0.98991957 -0.15386984]\n",
      " [ 0.          0.          0.          1.        ]]\n",
      "5.443002018930584e-13\n",
      "5.336951748369247e-13\n",
      "\n",
      "Distance:  0.6077650489142664\n",
      "determinant:  5 0.06984600397611335\n",
      "T_matrix:\n",
      " [[ 0.98909394  0.11223531 -0.0953751  -0.40122543]\n",
      " [-0.12522319  0.98171401 -0.14337625 -0.47192707]\n",
      " [ 0.0775392   0.15375575  0.98506185 -0.28419646]\n",
      " [ 0.          0.          0.          1.        ]]\n",
      "1.2677714612496166e-13\n",
      "1.3659624989320815e-13\n",
      "\n",
      "Distance:  0.7377860491451464\n",
      "determinant:  6 0.16238279320795002\n",
      "T_matrix:\n",
      " [[ 0.98110362  0.14340968 -0.12988203 -0.28191566]\n",
      " [-0.16275081  0.9747069  -0.15316212 -0.60412281]\n",
      " [ 0.10463198  0.17140632  0.97962851 -0.43212407]\n",
      " [ 0.          0.          0.          1.        ]]\n",
      "1.2399712390956964e-12\n",
      "1.4234126038316074e-12\n",
      "\n",
      "Distance:  0.9741613348648378\n",
      "determinant:  7 0.30894431406869566\n",
      "T_matrix:\n",
      " [[ 0.97037948  0.17516823 -0.16637232 -0.11469006]\n",
      " [-0.2012011   0.9671748  -0.15521286 -0.75527358]\n",
      " [ 0.13372275  0.18408967  0.97377062 -0.58298872]\n",
      " [ 0.          0.          0.          1.        ]]\n",
      "2.463492618641272e-15\n",
      "1.7609918177037996e-15\n",
      "\n",
      "Distance:  1.28521810455544\n",
      "determinant:  8 0.5040304835055962\n",
      "T_matrix:\n",
      " [[ 0.95699529  0.2068458  -0.20340803  0.07170694]\n",
      " [-0.23913767  0.95941242 -0.14946903 -0.92737994]\n",
      " [ 0.16423515  0.19168368  0.96761779 -0.72365068]\n",
      " [ 0.          0.          0.          1.        ]]\n",
      "3.037008161717598e-13\n",
      "3.6071811803569387e-13\n",
      "\n",
      "Distance:  1.6213163076678656\n",
      "determinant:  9 0.7300747093908514\n",
      "T_matrix:\n",
      " [[ 0.94128125  0.23787736 -0.23959125  0.24444771]\n",
      " [-0.27516627  0.95170803 -0.13614461 -1.1171426 ]\n",
      " [ 0.1956352   0.1940778   0.96128075 -0.84450757]\n",
      " [ 0.          0.          0.          1.        ]]\n",
      "1.1961527936716908e-13\n",
      "1.4479174038697149e-13\n",
      "\n",
      "Distance:  1.9385470981328201\n",
      "determinant:  10 0.9636141937384168\n",
      "T_matrix:\n",
      " [[ 0.92383459  0.26773621 -0.27358174  0.37256545]\n",
      " [-0.30794863  0.94433873 -0.1157238  -1.31531473]\n",
      " [ 0.22737039  0.19115877  0.95486179 -0.94040853]\n",
      " [ 0.          0.          0.          1.        ]]\n",
      "1.8823297864911197e-14\n",
      "2.3338151893704445e-14\n",
      "\n",
      "Distance:  2.2041514849806743\n",
      "determinant:  11 1.1817640810781402\n",
      "T_matrix:\n",
      " [[ 0.90552286  0.29587359 -0.30411702  0.43263359]\n",
      " [-0.33622174  0.93757208 -0.08895805 -1.50803354]\n",
      " [ 0.25881129  0.1828043   0.94847209 -1.01038377]\n",
      " [ 0.          0.          0.          1.        ]]\n",
      "6.371092266485663e-14\n",
      "7.796885963199889e-14\n",
      "\n",
      "Distance:  2.3983748262905054\n",
      "determinant:  12 1.3650717685260876\n",
      "T_matrix:\n",
      " [[ 0.88746808  0.32166792 -0.33004568  0.41294924]\n",
      " [-0.35883365  0.93166819 -0.05685772 -1.67972487]\n",
      " [ 0.28920376  0.16889091  0.94225105 -1.05634755]\n",
      " [ 0.          0.          0.          1.        ]]\n",
      "1.5636728357549992e-15\n",
      "1.7023150847256666e-15\n",
      "\n",
      "Distance:  2.5151697699590416\n",
      "determinant:  13 1.4963796018658437\n",
      "T_matrix:\n",
      " [[ 0.87099536  0.3443885  -0.35037644  0.31537565]\n",
      " [-0.37479888  0.92687566 -0.02067141 -1.81665742]\n",
      " [ 0.3176364   0.1493254   0.93638082 -1.08117736]\n",
      " [ 0.          0.          0.          1.        ]]\n",
      "6.258735988911799e-18\n",
      "3.595080901400009e-18\n",
      "\n",
      "Distance:  2.5610783446350105\n",
      "determinant:  14 1.5598348225096204\n",
      "T_matrix:\n",
      " [[ 0.85753243  0.36317681 -0.36433602  0.15461743]\n",
      " [-0.38336746  0.92341749  0.01815298 -1.90996975]\n",
      " [ 0.34302699  0.1241078   0.93109062 -1.0867803 ]\n",
      " [ 0.          0.          0.          1.        ]]\n",
      "2.221949807096206e-14\n",
      "2.162097785680418e-14\n",
      "\n",
      "Distance:  2.5517394192506275\n",
      "determinant:  15 1.5447713930627036\n",
      "T_matrix:\n",
      " [[ 0.84845673  0.37705008 -0.37142216 -0.04464584]\n",
      " [-0.38409397  0.92146873  0.05802763 -1.95713487]\n",
      " [ 0.36413322  0.09342708  0.926649   -1.0728448 ]\n",
      " [ 0.          0.          0.          1.        ]]\n",
      "3.14365254715296e-15\n",
      "1.1262078439511909e-14\n",
      "\n",
      "Distance:  2.5062595280888535\n",
      "determinant:  16 1.4529136406792778\n",
      "T_matrix:\n",
      " [[ 0.84490206  0.38493586 -0.37143627 -0.25190913]\n",
      " [-0.37689062  0.9211329   0.0973018  -1.96137225]\n",
      " [ 0.37959712  0.05778036  0.92334579 -1.03684969]\n",
      " [ 0.          0.          0.          1.        ]]\n",
      "4.7996418600886924e-14\n",
      "8.936790039894786e-14\n",
      "\n",
      "Distance:  2.4408794618076723\n",
      "determinant:  17 1.301296910626124\n",
      "T_matrix:\n",
      " [[ 0.84755417  0.3857496  -0.36448482 -0.43537843]\n",
      " [-0.36205044  0.92242607  0.13434887 -1.92929215]\n",
      " [ 0.38803532  0.01809395  0.92146687 -0.9755264 ]\n",
      " [ 0.          0.          0.          1.        ]]\n",
      "1.9393712514327516e-17\n",
      "8.219384666793374e-16\n",
      "\n",
      "Distance:  2.3644902014674667\n",
      "determinant:  18 1.116663569944025\n",
      "T_matrix:\n",
      " [[ 0.85647804  0.37852499 -0.35094757 -0.56631219]\n",
      " [-0.34023346  0.92527501  0.16765246 -1.86774638]\n",
      " [ 0.38818367 -0.02418654  0.92126459 -0.88739892]\n",
      " [ 0.          0.          0.          1.        ]]\n",
      "2.1799858415637438e-14\n",
      "4.438288761478155e-14\n",
      "\n",
      "Distance:  2.2782739051059857\n",
      "determinant:  19 0.9252400513284402\n",
      "T_matrix:\n",
      " [[ 0.87102526  0.36259446 -0.33142156 -0.62296974]\n",
      " [-0.31241722  0.92953007  0.19588091 -1.78115708]\n",
      " [ 0.37909164 -0.06707542  0.92292493 -0.77543325]\n",
      " [ 0.          0.          0.          1.        ]]\n",
      "6.675756045259605e-14\n",
      "1.1873316741337082e-13\n",
      "\n",
      "Distance:  2.1793903973030644\n",
      "determinant:  20 0.744704169993288\n",
      "T_matrix:\n",
      " [[ 0.88986188  0.33779688 -0.30665796 -0.59407562]\n",
      " [-0.27982117  0.93498739  0.21794194 -1.67036701]\n",
      " [ 0.36034143 -0.10812883  0.92653236 -0.64848826]\n",
      " [ 0.          0.          0.          1.        ]]\n",
      "1.2408303598779201e-13\n",
      "2.008176205209407e-13\n",
      "\n",
      "Distance:  2.0659057504762446\n",
      "determinant:  21 0.5824568753173712\n",
      "T_matrix:\n",
      " [[ 0.91113408  0.30466699 -0.27751163 -0.48140618]\n",
      " [-0.24382009  0.94141167  0.23301465 -1.53341521]\n",
      " [ 0.33224456 -0.14464468  0.93203619 -0.52046102]\n",
      " [ 0.          0.          0.          1.        ]]\n",
      "9.760860870983337e-14\n",
      "1.5021212389650543e-13\n",
      "\n",
      "Distance:  0.17445988255701556\n",
      "determinant:  1 0.0009101851782894301\n",
      "T_matrix:\n",
      " [[ 0.99973882  0.01931824 -0.01221064 -0.1491942 ]\n",
      " [-0.01973167  0.9992031  -0.03469623 -0.08819311]\n",
      " [ 0.01153064  0.03492811  0.99932331 -0.01219848]\n",
      " [ 0.          0.          0.          1.        ]]\n",
      "3.176765334900259e-12\n",
      "3.420710647459386e-12\n",
      "\n",
      "Distance:  0.12697369153244875\n",
      "determinant:  1 0.002910019826743649\n",
      "T_matrix:\n",
      " [[ 0.99951386  0.02520595 -0.01834955 -0.09118164]\n",
      " [-0.02575694  0.99920475 -0.03043767 -0.10793103]\n",
      " [ 0.01756775  0.0308955   0.99936822 -0.04875729]\n",
      " [ 0.          0.          0.          1.        ]]\n",
      "7.382011590714407e-12\n",
      "7.390878884470304e-12\n",
      "\n",
      "Distance:  0.14061256879387982\n",
      "determinant:  1 0.007076104267719249\n",
      "T_matrix:\n",
      " [[ 0.99927608  0.03004909 -0.02333153 -0.01804061]\n",
      " [-0.03063912  0.99920881 -0.02535735 -0.12314919]\n",
      " [ 0.02255111  0.02605386  0.99940615 -0.08328357]\n",
      " [ 0.          0.          0.          1.        ]]\n",
      "1.2219876662255494e-11\n",
      "1.2267586202942874e-11\n",
      "\n",
      "Distance:  0.2085766420988128\n",
      "determinant:  1 0.012687974471714908\n",
      "T_matrix:\n",
      " [[ 0.99905927  0.03382232 -0.02714093  0.05901914]\n",
      " [-0.03436252  0.99921545 -0.01968998 -0.13699557]\n",
      " [ 0.02645368  0.02060408  0.99943768 -0.11114305]\n",
      " [ 0.          0.          0.          1.        ]]\n",
      "5.956686579173048e-13\n",
      "5.96311016826987e-13\n",
      "\n",
      "Distance:  0.282749103823118\n",
      "determinant:  1 0.018263752427561997\n",
      "T_matrix:\n",
      " [[ 0.99888679  0.03655237 -0.02981778  0.12763906]\n",
      " [-0.03697146  0.99922341 -0.01362694 -0.15126885]\n",
      " [ 0.02929653  0.01471417  0.99946246 -0.12938184]\n",
      " [ 0.          0.          0.          1.        ]]\n",
      "1.7197356718246924e-11\n",
      "1.7214106188415484e-11\n",
      "\n",
      "Distance:  0.3393962372826963\n",
      "determinant:  1 0.02232592010666582\n",
      "T_matrix:\n",
      " [[ 0.99877242  0.03828957 -0.0314254   0.17643145]\n",
      " [-0.03853754  0.99923032 -0.00732314 -0.1656446 ]\n",
      " [ 0.03112081  0.00852521  0.99947927 -0.13716596]\n",
      " [ 0.          0.          0.          1.        ]]\n",
      "8.451442082733236e-12\n",
      "8.485516220509523e-12\n",
      "\n",
      "Distance:  0.3676848001463257\n",
      "determinant:  1 0.024064731203940735\n",
      "T_matrix:\n",
      " [[ 9.98722875e-01  3.90790795e-02 -3.20225470e-02  1.97097143e-01]\n",
      " [-3.91282098e-02  9.99233785e-01 -9.08785279e-04 -1.77702489e-01]\n",
      " [ 3.19624963e-02  2.16060958e-03  9.99486734e-01 -1.35663553e-01]\n",
      " [ 0.00000000e+00  0.00000000e+00  0.00000000e+00  1.00000000e+00]]\n",
      "5.9442515717458266e-12\n",
      "5.9427093113585e-12\n",
      "\n",
      "Distance:  0.36385347845777893\n",
      "determinant:  1 0.023476638085630233\n",
      "T_matrix:\n",
      " [[ 0.99874044  0.03893816 -0.03164409  0.18604229]\n",
      " [-0.03878311  0.99923252  0.00549898 -0.18371405]\n",
      " [ 0.03183392 -0.0042648   0.99948407 -0.12746804]\n",
      " [ 0.          0.          0.          1.        ]]\n",
      "1.5620585454180532e-13\n",
      "1.5619630138122478e-13\n",
      "\n",
      "Distance:  0.3302945061763254\n",
      "determinant:  1 0.021070525673931646\n",
      "T_matrix:\n",
      " [[ 0.99882435  0.03784526 -0.03029264  0.14510131]\n",
      " [-0.03750305  0.999227    0.01178653 -0.17991433]\n",
      " [ 0.03071529 -0.01063661  0.99947158 -0.11573811]\n",
      " [ 0.          0.          0.          1.        ]]\n",
      "8.229631192261804e-13\n",
      "8.228195528770372e-13\n",
      "\n",
      "Distance:  0.27563448074810215\n",
      "determinant:  1 0.017447823716056313\n",
      "T_matrix:\n",
      " [[ 0.99897028  0.03574394 -0.02794181  0.0811896 ]\n",
      " [-0.03525398  0.99921922  0.01783562 -0.1638386 ]\n",
      " [ 0.02855751 -0.01683219  0.99945042 -0.10327124]\n",
      " [ 0.          0.          0.          1.        ]]\n",
      "1.0592515453543916e-12\n",
      "1.0592309309551075e-12\n",
      "\n",
      "Distance:  0.21559665407399856\n",
      "determinant:  1 0.012996062424083465\n",
      "T_matrix:\n",
      " [[ 0.99916819  0.03256102 -0.02455008  0.00497361]\n",
      " [-0.03198466  0.99921171  0.02351479 -0.13528351]\n",
      " [ 0.02529639 -0.02271001  0.99942201 -0.0917393 ]\n",
      " [ 0.          0.          0.          1.        ]]\n",
      "3.60980745141146e-12\n",
      "3.6099156434736616e-12\n",
      "\n",
      "Distance:  0.1739437805219463\n",
      "determinant:  1 0.007905317080979225\n",
      "T_matrix:\n",
      " [[ 0.99939954  0.02823497 -0.02008335 -0.07111365]\n",
      " [-0.02765338  0.99920635  0.02866997 -0.09656077]\n",
      " [ 0.02087691 -0.02809738  0.99938716 -0.08129415]\n",
      " [ 0.          0.          0.          1.        ]]\n",
      "1.2394990942408494e-13\n",
      "1.2394226710216968e-13\n",
      "\n",
      "Distance:  0.1701998387145909\n",
      "determinant:  1 0.002635258140729988\n",
      "T_matrix:\n",
      " [[ 0.99963544  0.02274888 -0.01454222 -0.13503904]\n",
      " [-0.0222573   0.99920364  0.03311633 -0.051935  ]\n",
      " [ 0.015284   -0.03278059  0.9993457  -0.07068166]\n",
      " [ 0.          0.          0.          1.        ]]\n",
      "3.076627390760626e-12\n",
      "3.0767183767261867e-12\n",
      "\n",
      "Distance:  0.1914510330422906\n",
      "determinant:  1 -0.0016012559702246743\n",
      "T_matrix:\n",
      " [[ 0.99983748  0.01616152 -0.00798927 -0.17705271]\n",
      " [-0.01585852  0.99920284  0.03663584 -0.00642055]\n",
      " [ 0.00857499 -0.03650319  0.99929675 -0.0578746 ]\n",
      " [ 0.          0.          0.          1.        ]]\n",
      "1.2500741498441694e-11\n",
      "1.2497704624417314e-11\n",
      "\n",
      "Distance:  0.20993456429421384\n",
      "determinant:  1 -0.0032782813078350848\n",
      "T_matrix:\n",
      " [[ 9.99962589e-01  8.63099976e-03 -5.70707736e-04 -1.90985211e-01]\n",
      " [-8.60219165e-03  9.99202769e-01  3.89849780e-02  3.56431015e-02]\n",
      " [ 9.06732086e-04 -3.89786102e-02  9.99239634e-01 -4.10665562e-02]\n",
      " [ 0.00000000e+00  0.00000000e+00  0.00000000e+00  1.00000000e+00]]\n",
      "1.8641533182661344e-11\n",
      "1.8656198843738616e-11\n",
      "\n",
      "Distance:  0.21068261272970762\n",
      "determinant:  1 -0.001871502233764187\n",
      "T_matrix:\n",
      " [[ 9.99971991e-01  4.26396429e-04  7.47234303e-03 -1.74892337e-01]\n",
      " [-7.24337324e-04  9.99202806e-01  3.99152616e-02  7.17201666e-02]\n",
      " [-7.44936640e-03 -3.99195561e-02  9.99175128e-01 -1.97056603e-02]\n",
      " [ 0.00000000e+00  0.00000000e+00  0.00000000e+00  1.00000000e+00]]\n",
      "3.385682122471745e-11\n",
      "3.360463755041082e-11\n",
      "\n",
      "Distance:  0.19191114819912133\n",
      "determinant:  1 0.0014983619975395854\n",
      "T_matrix:\n",
      " [[ 0.99984246 -0.00807634  0.01580618 -0.13116462]\n",
      " [ 0.00745139  0.99920339  0.03920546  0.10149902]\n",
      " [-0.01611023 -0.03908151  0.99910615  0.00484181]\n",
      " [ 0.          0.          0.          1.        ]]\n",
      "1.1209702280249347e-11\n",
      "1.122624612822897e-11\n",
      "\n",
      "Distance:  0.16238861658792506\n",
      "determinant:  1 0.00495842473023437\n",
      "T_matrix:\n",
      " [[ 0.99957667 -0.01641599  0.02402092 -0.06624206]\n",
      " [ 0.01552794  0.99920565  0.03670077  0.12646754]\n",
      " [-0.02460432 -0.03631224  0.99903756  0.02935582]\n",
      " [ 0.          0.          0.          1.        ]]\n",
      "1.533892258414492e-12\n",
      "1.5353240469409933e-12\n",
      "\n",
      "Distance:  0.1411985003618933\n",
      "determinant:  1 0.0073075884077113806\n",
      "T_matrix:\n",
      " [[ 0.99920851 -0.02408426  0.03165905  0.01005268]\n",
      " [ 0.02305928  0.99921051  0.0323515   0.14883554]\n",
      " [-0.03241322 -0.03159586  0.99897502  0.04968053]\n",
      " [ 0.          0.          0.          1.        ]]\n",
      "2.0531687157696332e-13\n",
      "2.0545274098254843e-13\n",
      "\n",
      "Distance:  0.1478179144057446\n",
      "determinant:  1 0.008608310926938364\n",
      "T_matrix:\n",
      " [[ 0.9988002  -0.03057623  0.03825257  0.08568949]\n",
      " [ 0.02958393  0.99921773  0.02624339  0.17023874]\n",
      " [-0.03902507 -0.02508024  0.99892343  0.06225205]\n",
      " [ 0.          0.          0.          1.        ]]\n",
      "7.805430373375868e-13\n",
      "7.816877375436892e-13\n",
      "\n",
      "Distance:  0.17711202183402097\n",
      "determinant:  1 0.009612392485508967\n",
      "T_matrix:\n",
      " [[ 0.99843034 -0.03544534  0.04336456  0.14821584]\n",
      " [ 0.03466518  0.99922565  0.01861249  0.19072043]\n",
      " [-0.0439907  -0.01708004  0.99888592  0.06563216]\n",
      " [ 0.          0.          0.          1.        ]]\n",
      "1.1996198747519964e-11\n",
      "1.2018805702621802e-11\n",
      "\n",
      "Distance:  0.20894961360422196\n",
      "determinant:  1 0.010747252748202705\n",
      "T_matrix:\n",
      " [[ 0.99817561 -0.03835363  0.04663102  0.18699584]\n",
      " [ 0.0379345   0.99923177  0.00984046  0.20836167]\n",
      " [-0.04697262 -0.00805358  0.99886371  0.06131041]\n",
      " [ 0.          0.          0.          1.        ]]\n",
      "2.3835698376474155e-12\n",
      "2.3912100281459083e-12\n",
      "\n",
      "Distance:  0.23074997875744496\n",
      "determinant:  1 0.011691383579500562\n",
      "T_matrix:\n",
      " [[ 9.98091057e-01 -3.91087511e-02  4.77990420e-02  1.95391858e-01]\n",
      " [ 3.91329959e-02  9.99233919e-01  4.28825527e-04  2.19688470e-01]\n",
      " [-4.77791949e-02  1.44251279e-03  9.98856880e-01  5.32784992e-02]\n",
      " [ 0.00000000e+00  0.00000000e+00  0.00000000e+00  1.00000000e+00]]\n",
      "3.51581890011771e-14\n",
      "3.541091039405012e-14\n",
      "\n",
      "Distance:  0.23993195008988483\n",
      "determinant:  1 0.011833957942150093\n",
      "T_matrix:\n",
      " [[ 0.9981953  -0.03768195  0.04675698  0.17219263]\n",
      " [ 0.03814476  0.99923128 -0.00904549  0.22072132]\n",
      " [-0.04638018  0.0108127   0.99886534  0.04644416]\n",
      " [ 0.          0.          0.          1.        ]]\n",
      "7.988354109930381e-13\n",
      "8.04487289731822e-13\n",
      "\n",
      "Distance:  0.24162348839362896\n",
      "determinant:  1 0.010936392729399225\n",
      "T_matrix:\n",
      " [[ 0.99846541 -0.03420553  0.04355239  0.12177124]\n",
      " [ 0.03501617  0.99922485 -0.01798804  0.20832749]\n",
      " [-0.04290334  0.01948548  0.99888919  0.04455068]\n",
      " [ 0.          0.          0.          1.        ]]\n",
      "2.368131051596804e-12\n",
      "2.3870009876259887e-12\n",
      "\n",
      "Distance:  0.24506772508664781\n",
      "determinant:  1 0.009287060649550056\n",
      "T_matrix:\n",
      " [[ 0.9988432  -0.02895182  0.03839347  0.05294415]\n",
      " [ 0.02995627  0.99921689 -0.02585003  0.18143567]\n",
      " [-0.037615    0.02697026  0.99892828  0.04854961]\n",
      " [ 0.          0.          0.          1.        ]]\n",
      "2.2768284623070256e-11\n",
      "2.2912979029050353e-11\n",
      "\n",
      "Distance:  0.2565589225925535\n",
      "determinant:  1 0.007378621427892452\n",
      "T_matrix:\n",
      " [[ 0.99925083 -0.02229865  0.03163153 -0.02299097]\n",
      " [ 0.02331661  0.99920987 -0.03218656  0.14169663]\n",
      " [-0.03088882  0.03289999  0.99898122  0.05615979]\n",
      " [ 0.          0.          0.          1.        ]]\n",
      "9.476352797334673e-11\n",
      "9.499406052570702e-11\n",
      "\n",
      "Distance:  0.2730123104456877\n",
      "determinant:  1 0.005555181291613706\n",
      "T_matrix:\n",
      " [[ 0.99961063 -0.01468741  0.02372491 -0.09434425]\n",
      " [ 0.0155525   0.9992053  -0.03670004  0.09332755]\n",
      " [-0.02316703  0.03705473  0.99904466  0.06276386]\n",
      " [ 0.          0.          0.          1.        ]]\n",
      "2.2219754373876995e-11\n",
      "2.2224290760988495e-11\n",
      "\n",
      "Distance:  0.28381334795625274\n",
      "determinant:  1 0.003903067451025248\n",
      "T_matrix:\n",
      " [[ 0.99986299 -0.00657975  0.01518888 -0.15072221]\n",
      " [ 0.00717181  0.99920327 -0.03926062  0.0421358 ]\n",
      " [-0.01491845  0.03936418  0.99911356  0.06318677]\n",
      " [ 0.          0.          0.          1.        ]]\n",
      "1.8824159640729305e-15\n",
      "1.8833504294157002e-15\n",
      "\n",
      "Distance:  0.2779006295380814\n",
      "determinant:  1 0.00238944290168512\n",
      "T_matrix:\n",
      " [[ 0.99997737  0.00158207  0.00653927 -0.18416455]\n",
      " [-0.00131992  0.99920279 -0.03990035 -0.00599152]\n",
      " [-0.00659718  0.03989082  0.99918227  0.05358185]\n",
      " [ 0.          0.          0.          1.        ]]\n",
      "2.2818440832662074e-10\n",
      "2.281677019019155e-10\n",
      "\n",
      "Distance:  0.24902151911700737\n",
      "determinant:  1 0.001142195879856884\n",
      "T_matrix:\n",
      " [[ 0.9999542   0.00940778 -0.00176008 -0.18987712]\n",
      " [-0.00946898  0.99920277 -0.03878356 -0.04663189]\n",
      " [ 0.00139381  0.03879845  0.99924608  0.03272184]\n",
      " [ 0.          0.          0.          1.        ]]\n",
      "1.0670940950142059e-10\n",
      "1.0660020946827215e-10\n",
      "\n",
      "Distance:  0.19880554330751812\n",
      "determinant:  1 0.0006791603100892971\n",
      "T_matrix:\n",
      " [[ 0.9998189   0.01658258 -0.00933723 -0.16675367]\n",
      " [-0.01691007  0.99920288 -0.03616163 -0.07786873]\n",
      " [ 0.00873014  0.03631298  0.99930233  0.0023328 ]\n",
      " [ 0.          0.          0.          1.        ]]\n",
      "4.375157346975947e-11\n",
      "4.390363011635267e-11\n",
      "\n",
      "Distance:  0.1425745329329856\n",
      "determinant:  1 0.00181048801546271\n",
      "T_matrix:\n",
      " [[ 0.99961124  0.02288013 -0.01593316 -0.11770739]\n",
      " [-0.02338602  0.99920382 -0.03232367 -0.10046791]\n",
      " [ 0.0151809   0.03268372  0.99935045 -0.03349467]\n",
      " [ 0.          0.          0.          1.        ]]\n",
      "3.3135955379114445e-11\n",
      "3.2954565524996205e-11\n",
      "\n",
      "Distance:  0.1253743621497569\n",
      "determinant:  1 0.005102923541931398\n",
      "T_matrix:\n",
      " [[ 0.99937415  0.02816467 -0.02140255 -0.04962792]\n",
      " [-0.02875005  0.99920679 -0.02755415 -0.11714892]\n",
      " [ 0.02060952  0.02815223  0.99939116 -0.06949705]\n",
      " [ 0.          0.          0.          1.        ]]\n",
      "3.176844890864648e-11\n",
      "3.1923876048522447e-11\n",
      "\n",
      "Distance:  0.177380145942707\n",
      "determinant:  1 0.010263835631716893\n",
      "T_matrix:\n",
      " [[ 0.99914516  0.03238204 -0.02569724  0.02728222]\n",
      " [-0.03295275  0.99921243 -0.02210528 -0.13124452]\n",
      " [ 0.02496119  0.02293318  0.99942534 -0.10060083]\n",
      " [ 0.          0.          0.          1.        ]]\n",
      "1.0148442844919408e-11\n",
      "1.0171911982724043e-11\n",
      "\n",
      "Distance:  0.2530908887819105\n",
      "determinant:  1 0.016053748424471225\n",
      "T_matrix:\n",
      " [[ 0.99895207  0.03554053 -0.02883808  0.10090188]\n",
      " [-0.03601734  0.99922008 -0.01618614 -0.14524932]\n",
      " [ 0.02824033  0.01720785  0.99945304 -0.12306717]\n",
      " [ 0.          0.          0.          1.        ]]\n",
      "4.3991670042093434e-11\n",
      "4.405464078871764e-11\n",
      "\n",
      "Distance:  0.3188423122843118\n",
      "determinant:  1 0.020891632519773704\n",
      "T_matrix:\n",
      " [[ 0.99881238  0.03768429 -0.03088248  0.15917064]\n",
      " [-0.03800809  0.99922774 -0.00996553 -0.15976666]\n",
      " [ 0.03048308  0.01112748  0.99947334 -0.13516379]\n",
      " [ 0.          0.          0.          1.        ]]\n",
      "5.742231667949526e-15\n",
      "5.728699776803931e-15\n",
      "\n",
      "Distance:  0.35974678580255554\n",
      "determinant:  1 0.023640098303334883\n",
      "T_matrix:\n",
      " [[ 0.99873539  0.03886388 -0.03189398  0.19226889]\n",
      " [-0.03899764  0.99923288 -0.00358243 -0.17319183]\n",
      " [ 0.03173029  0.00482169  0.99948484 -0.13727321]\n",
      " [ 0.          0.          0.          1.        ]]\n",
      "4.804622107972545e-12\n",
      "4.803401002175134e-12\n",
      "\n",
      "Distance:  0.369333282414414\n",
      "determinant:  1 0.023977860772951762\n",
      "T_matrix:\n",
      " [[ 0.99872497  0.03911026 -0.03191908  0.19449989]\n",
