Pose: [[0.980066718449428, 0.19376437086397225, 0.04387021736278988, -1.9997351270147092], [-0.19861530783120357, 0.9607327037625009, 0.19376437086397225, -0.023008590926364158], [-0.004602921125290746, -0.19861530783120357, 0.980066718449428, -0.49986756350735456], [0.0, 0.0, 0.0, 1.0]]; theta_Rho: [[-0.1764749437570572, 4.030915260314941]]; s_p: [[3.9131364822387695, 0.6978299021720886, 0.6698310375213623]]; w_p: [[2.0, 0.0, 0.0]]
Pose: [[0.9800789348024856, 0.18172971188434028, 0.08012236501040015, -1.9752346722370628], [-0.19362299470144262, 0.9640977376497053, 0.18172971188434028, -0.21569522130654364], [-0.044220102660105357, -0.19362299470144262, 0.9800789348024856, -0.48761733611853136], [0.0, 0.0, 0.0, 1.0]]; theta_Rho: [[-0.21474722027778625, 4.010833740234375]]; s_p: [[3.8327176570892334, 0.8359556198120117, 0.8356069326400757]]; w_p: [[2.0, 0.0, 0.0]]
Pose: [[0.9801037943954656, 0.1637271887235275, 0.11220499046076984, -1.9118546886083012], [-0.18075077826458644, 0.9698054257578872, 0.1637271887235275, -0.37432831895019436], [-0.08201041621865698, -0.18075077826458644, 0.9801037943954656, -0.4559273443041506], [0.0, 0.0, 0.0, 1.0]]; theta_Rho: [[-0.2421625256538391, 3.9560837745666504]]; s_p: [[3.7289726734161377, 0.9210934042930603, 0.9470734596252441]]; w_p: [[2.0, 0.0, 0.0]]
Pose: [[0.9801262177415755, 0.14100206205415822, 0.13953858173304223, -1.812121936068599], [-0.16061128929319246, 0.9768942789514399, 0.14100206205415822, -0.4738632057648531], [-0.11643286068448216, -0.16061128929319246, 0.9801262177415755, -0.40606096803429953], [0.0, 0.0, 0.0, 1.0]]; theta_Rho: [[-0.25328928232192993, 3.8628623485565186]]; s_p: [[3.612973928451538, 0.9352133274078369, 0.9967447519302368]]; w_p: [[2.0, 0.0, 0.0]]
Pose: [[0.9801326031257114, 0.1147037363467571, 0.1618120303256541, -1.6800124447368134], [-0.13412847208660345, 0.9843031066921444, 0.1147037363467571, -0.49858551169615245], [-0.14611513701779844, -0.13412847208660345, 0.9801326031257114, -0.3400062223684067], [0.0, 0.0, 0.0, 1.0]]; theta_Rho: [[-0.24354347586631775, 3.7291665077209473]]; s_p: [[3.4903457164764404, 0.8672659397125244, 0.9859110713005066]]; w_p: [[2.0, 0.0, 0.0]]
Pose: [[0.9801190772516455, 0.0858372013280596, 0.17888143915887195, -1.5207930031367345], [-0.10245862482190228, 0.9910268437674989, 0.0858372013280596, -0.4445921282317464], [-0.16990828292637095, -0.10245862482190228, 0.9801190772516455, -0.26039650156836724], [0.0, 0.0, 0.0, 1.0]]; theta_Rho: [[-0.20993340015411377, 3.558293342590332]]; s_p: [[3.3610005378723145, 0.7161378860473633, 0.9231866598129272]]; w_p: [[2.0, 0.0, 0.0]]
Pose: [[0.9800938447477938, 0.05524982274996444, 0.1906921932685892, -1.3408111879589537], [-0.06690904344460108, 0.9962282052780005, 0.05524982274996444, -0.32040742341383627], [-0.18692039854658973, -0.06690904344460108, 0.9800938447477938, -0.1704055939794768], [0.0, 0.0, 0.0, 1.0]]; theta_Rho: [[-0.15168936550617218, 3.360464096069336]]; s_p: [[3.221018075942993, 0.4923764765262604, 0.8217825293540955]]; w_p: [[2.0, 0.0, 0.0]]
Pose: [[0.9800722113194408, 0.023647207404403674, 0.19722897906087333, -1.1472423062091468], [-0.02886996447038012, 0.9993034247581922, 0.023647207404403674, -0.14563743155916192], [-0.19653240381906562, -0.02886996447038012, 0.9800722113194408, -0.07362115310457334], [0.0, 0.0, 0.0, 1.0]]; theta_Rho: [[-0.0709325298666954, 3.151470184326172]]; s_p: [[3.0658512115478516, 0.21783404052257538, 0.6963253617286682]]; w_p: [[2.0, 0.0, 0.0]]
Pose: [[0.9800672994988151, -0.008367538672814675, 0.19848947767994854, -0.9478033383607483], [0.010231619925312388, 0.9999126453097105, -0.008367538672814675, 0.05212550846201602], [-0.198402122989659, 0.010231619925312388, 0.9800672994988151, 0.026098330819625846], [0.0, 0.0, 0.0, 1.0]]; theta_Rho: [[0.02662193588912487, 2.9483797550201416]]; s_p: [[2.893690347671509, -0.07705384492874146, 0.559965968132019]]; w_p: [[2.0, 0.0, 0.0]]
Pose: [[0.9800820887242456, -0.04023799702818499, 0.19447365620330123, -0.7504452866958158], [0.04895748038181685, 0.9979900143337226, -0.04023799702818499, 0.2416589768330234], [-0.19246367053702382, 0.04895748038181685, 0.9800820887242456, 0.1247773566520921], [0.0, 0.0, 0.0, 1.0]]; theta_Rho: [[0.1314295381307602, 2.763859272003174]]; s_p: [[2.707846164703369, -0.3579544425010681, 0.4223209619522095]]; w_p: [[2.0, 0.0, 0.0]]
Pose: [[0.9801076080655154, -0.07139103136207277, 0.18518206514982338, -0.5630361939348827], [0.0858730398447564, 0.9937450083743216, -0.07139103136207277, 0.39303980636107766], [-0.17892707352414494, 0.0858730398447564, 0.9801076080655154, 0.21848190303255868], [0.0, 0.0, 0.0, 1.0]]; theta_Rho: [[0.23108814656734467, 2.6021854877471924]]; s_p: [[2.517392158508301, -0.5923208594322205, 0.28855207562446594]]; w_p: [[2.0, 0.0, 0.0]]
Pose: [[0.9801283778378953, -0.10117610822313129, 0.1706216811594505, -0.39304746920273514], [0.11956615283519835, 0.9876574964131093, -0.10117610822313129, 0.48236829262625486], [-0.1582791775725599, 0.11956615283519835, 0.9801283778378952, 0.3034762653986324], [0.0, 0.0, 0.0, 1.0]]; theta_Rho: [[0.3125532865524292, 2.459970235824585]]; s_p: [[2.335852861404419, -0.754819393157959, 0.15966422855854034]]; w_p: [[2.0, 0.0, 0.0]]
Pose: [[0.9801317993603789, -0.12881714826025875, 0.15082373220644216, -0.24725602652400214], [0.14868265647703482, 0.980458877249335, -0.12881714826025875, 0.49554143180255666], [-0.13128260945577716, 0.14868265647703482, 0.9801317993603789, 0.37637198673799893], [0.0, 0.0, 0.0, 1.0]]; theta_Rho: [[0.36456388235092163, 2.3318183422088623]]; s_p: [[2.178339719772339, -0.8313031196594238, 0.03387962281703949]]; w_p: [[2.0, 0.0, 0.0]]
Pose: [[0.9801157971790133, -0.15338474479433467, 0.12588146878919174, -0.13147411064678238], [0.17198446898381003, 0.9730850232599071, -0.15338474479433467, 0.43047947486510535], [-0.09896649204909873, 0.17198446898381003, 0.9801157971790133, 0.4342629446766088], [0.0, 0.0, 0.0, 1.0]]; theta_Rho: [[0.37937572598457336, 2.2174487113952637]]; s_p: [[2.0580332279205322, -0.8205152153968811, -0.09128589928150177]]; w_p: [[2.0, 0.0, 0.0]]
Pose: [[0.9800900780183229, -0.17379477162199106, 0.09601466724879987, -0.05031758118613616], [0.18842621125253836, 0.9665872646946441, -0.17379477162199106, 0.2974542742316388], [-0.06260193194344385, 0.18842621125253836, 0.9800900780183229, 0.4748412094069319], [0.0, 0.0, 0.0, 1.0]]; theta_Rho: [[0.3541795313358307, 2.1255011558532715]]; s_p: [[1.9831737279891968, -0.7333225011825562, -0.21683059632778168]]; w_p: [[2.0, 0.0, 0.0]]
Pose: [[0.9800702427794553, -0.18883918443676354, 0.06166102204373208, -0.00702189286742072], [0.19723753322100487, 0.961996423023574, -0.18883918443676354, 0.11746758412329984], [-0.02365744506730602, 0.19723753322100487, 0.9800702427794553, 0.49648905356628964], [0.0, 0.0, 0.0, 1.0]]; theta_Rho: [[0.2929827868938446, 2.0708541870117188]]; s_p: [[1.955599069595337, -0.5899340510368347, -0.3406566381454468]]; w_p: [[2.0, 0.0, 0.0]]
Pose: [[0.9800683232359101, -0.19725591545630417, 0.023583587662760634, -0.003313108156457689], [0.1979936755127516, 0.9601503050431461, -0.19725591545630417, -0.08106465464018853], [0.016266107294093217, 0.1979936755127516, 0.9800683232359101, 0.49834344592177116], [0.0, 0.0, 0.0, 1.0]]; theta_Rho: [[0.20797394216060638, 2.06595778465271]]; s_p: [[1.9713279008865356, -0.4159999489784241, -0.4571557939052582]]; w_p: [[2.0, 0.0, 0.0]]
Pose: [[0.9800854837546018, -0.19784451275552842, -0.017029189823234047, -0.03933908459592639], [0.19065778734029978, 0.9615129520183432, -0.19784451275552842, -0.2667985668860865], [0.05551623780489093, 0.19065778734029978, 0.9800854837546018, 0.4803304577020368], [0.0, 0.0, 0.0, 1.0]]; theta_Rho: [[0.11736667901277542, 2.1120612621307373]]; s_p: [[2.022927761077881, -0.2385205179452896, -0.5582778453826904]]; w_p: [[2.0, 0.0, 0.0]]
Pose: [[0.9801113150115409, -0.1896286704127901, -0.05850450874783453, -0.11366358019172806], [0.17558470841284454, 0.9660284558588601, -0.1896286704127901, -0.41041085178910436], [0.09247605288897434, 0.17558470841284454, 0.9801113150115409, 0.44316820990413597], [0.0, 0.0, 0.0, 1.0]]; theta_Rho: [[0.03905181586742401, 2.1982741355895996]]; s_p: [[2.1027050018310547, -0.0821562111377716, -0.6358386874198914]]; w_p: [[2.0, 0.0, 0.0]]
Pose: [[0.9801301481143756, -0.1720535620776239, -0.09870392359827088, -0.22332351184896726], [0.15348528357891522, 0.9730569559389117, -0.1720535620776239, -0.48922828731080714], [0.12564696765935915, 0.15348528357891522, 0.9801301481143756, 0.38833824407551637], [0.0, 0.0, 0.0, 1.0]]; theta_Rho: [[-0.015375319868326187, 2.3093979358673096]]; s_p: [[2.205442190170288, 0.0339120514690876, -0.6842462420463562]]; w_p: [[2.0, 0.0, 0.0]]
Pose: [[0.9801305591391782, -0.14518680066511033, -0.13514762282094067, -0.3639470841443958], [0.12535992434348767, 0.9814304266127194, -0.14518680066511033, -0.4908073334205465], [0.15371719620822122, 0.12535992434348767, 0.9801305591391782, 0.3180264579278021], [0.0, 0.0, 0.0, 1.0]]; theta_Rho: [[-0.04230424016714096, 2.4352164268493652]]; s_p: [[2.329618215560913, 0.09861156344413757, -0.7024480104446411]]; w_p: [[2.0, 0.0, 0.0]]
Pose: [[0.9801122987632946, -0.10987416361950862, -0.1652499621235773, -0.5299280790139395], [0.09241709725830509, 0.9896397063089488, -0.10987416361950862, -0.4148986934576695], [0.17561025581462847, 0.09241709725830509, 0.9801122987632946, 0.23503596049303027], [0.0, 0.0, 0.0, 1.0]]; theta_Rho: [[-0.044749822467565536, 2.574474573135376]]; s_p: [[2.476682662963867, 0.11090514808893204, -0.6940187811851501]]; w_p: [[2.0, 0.0, 0.0]]
Pose: [[0.9800864435021999, -0.06779529658295289, -0.18663965555165066, -0.7146493579754682], [0.055994463696962614, 0.9961267077016454, -0.06779529658295289, -0.27348667259269965], [0.19051294785000542, 0.055994463696962614, 0.9800864435021999, 0.14267532101226588], [0.0, 0.0, 0.0, 1.0]]; theta_Rho: [[-0.03034413419663906, 2.732118606567383]]; s_p: [[2.6487233638763428, 0.08039788901805878, -0.6650364995002747]]; w_p: [[2.0, 0.0, 0.0]]
Pose: [[0.9800686768098911, -0.02137853889514269, -0.1975053083104811, -0.9107466665584911], [0.01749673774444671, 0.9996183382886745, -0.02137853889514269, -0.0888971195518824], [0.19788697002180658, 0.01749673774444671, 0.9800686768098911, 0.04462666672075441], [0.0, 0.0, 0.0, 1.0]]; theta_Rho: [[-0.009086117148399353, 2.9124457836151123]]; s_p: [[2.845456123352051, 0.02585485950112343, -0.620525598526001]]; w_p: [[2.0, 0.0, 0.0]]
Pose: [[0.9800697757070483, 0.026432098014468348, -0.1968872239128013, -1.1104022238906457], [-0.021643894140517646, 0.9994162726516853, 0.026432098014468348, 0.10972733399579787], [0.1974709512611161, -0.021643894140517646, 0.9800697757070483, -0.055201111945322894], [0.0, 0.0, 0.0, 1.0]]; theta_Rho: [[0.009355221875011921, 3.1128265857696533]]; s_p: [[3.0616867542266846, -0.028643593192100525, -0.561197817325592]]; w_p: [[2.0, 0.0, 0.0]]
Pose: [[0.9800890736188024, 0.07252118758383953, -0.1848407020233023, -1.3056563929506448], [-0.059988843593408905, 0.99556115633132, 0.07252118758383953, 0.29102825419079664], [0.18927954569198227, -0.059988843593408905, 0.9800890736188024, -0.15282819647532245], [0.0, 0.0, 0.0, 1.0]]; theta_Rho: [[0.018004829064011574, 3.321959972381592]]; s_p: [[3.2862234115600586, -0.05917428433895111, -0.4823403060436249]]; w_p: [[2.0, 0.0, 0.0]]
Pose: [[0.9801148647072231, 0.11398461483546987, -0.16242647432223384, -1.4887250061782282], [-0.09610759718227338, 0.9888229555105703, 0.11398461483546987, 0.4263822121800062], [0.17360351881166347, -0.09610759718227338, 0.9801148647072231, -0.24436250308911414], [0.0, 0.0, 0.0, 1.0]]; theta_Rho: [[0.013542990200221539, 3.5231685638427734]]; s_p: [[3.5027520656585693, -0.04744063690304756, -0.3757590055465698]]; w_p: [[2.0, 0.0, 0.0]]
Pose: [[0.9801315044417995, 0.14846498241087175, -0.13153092031303618, -1.652309695670429], [-0.12860029183032534, 0.980520328161989, 0.14846498241087175, 0.494419794160542], [0.15101059215104715, -0.12860029183032534, 0.9801315044417995, -0.32615484783521453], [0.0, 0.0, 0.0, 1.0]]; theta_Rho: [[-0.004199703224003315, 3.700026273727417]]; s_p: [[3.6925792694091797, 0.015507827512919903, -0.23412103950977325]]; w_p: [[2.0, 0.0, 0.0]]
Pose: [[0.9801288993665717, 0.17436989185713814, -0.09456469446999125, -1.789888856078533], [-0.15613967000037426, 0.9722219624478272, 0.17436989185713814, 0.4843993619484239], [0.12234273202216411, -0.15613967000037426, 0.9801288993665717, -0.39494442803926655], [0.0, 0.0, 0.0, 1.0]]; theta_Rho: [[-0.033394183963537216, 3.841078042984009]]; s_p: [[3.8385322093963623, 0.12823231518268585, -0.05575789883732796]]; w_p: [[2.0, 0.0, 0.0]]
Pose: [[0.9801086296885227, 0.19094108887986624, -0.054116306114305124, -1.8959776404332165], [-0.17753544640925698, 0.9654132098980399, 0.19094108887986624, 0.39790292146062384], [0.08870309621626521, -0.17753544640925698, 0.9801086296885227, -0.4479888202166082], [0.0, 0.0, 0.0, 1.0]]; theta_Rho: [[-0.07120481133460999, 3.941784143447876]]; s_p: [[3.928861141204834, 0.28022757172584534, 0.1522657722234726]]; w_p: [[2.0, 0.0, 0.0]]
Pose: [[0.9800829907384209, 0.19818576258109977, -0.012638622368769916, -1.9663466236847769], [-0.1918142273281016, 0.9612126225267079, 0.19818576258109977, 0.24858635876593135], [0.05142599984206209, -0.1918142273281016, 0.9800829907384209, -0.4831733118423884], [0.0, 0.0, 0.0, 1.0]]; theta_Rho: [[-0.1142636090517044, 4.003393173217773]]; s_p: [[3.959878921508789, 0.4544495642185211, 0.3741545081138611]]; w_p: [[2.0, 0.0, 0.0]]
Pose: [[0.9800675347551123, 0.19671336855701507, 0.027775491894631694, -1.9981904165331423], [-0.19830027382333074, 0.960198339944693, 0.19671336855701507, 0.060023475940393624], [0.012026168160675423, -0.19830027382333074, 0.9800675347551123, -0.4990952082665712], [0.0, 0.0, 0.0, 1.0]]; theta_Rho: [[-0.15867213904857635, 4.02966833114624]]; s_p: [[3.936401605606079, 0.6298923492431641, 0.5883913040161133]]; w_p: [[2.0, 0.0, 0.0]]
Pose: [[0.9800716371148646, 0.18753298344440864, 0.06550546727891181, -1.9902395074463488], [-0.1966793294790228, 0.9623661576947318, 0.18753298344440864, -0.1380157939395959], [-0.02787162497364348, -0.1966793294790228, 0.9800716371148646, -0.4951197537231744], [0.0, 0.0, 0.0, 1.0]]; theta_Rho: [[-0.19982649385929108, 4.023208141326904]]; s_p: [[3.8697760105133057, 0.7837434411048889, 0.7725178599357605]]; w_p: [[2.0, 0.0, 0.0]]
Pose: [[0.9800928093864676, 0.17185854581623125, 0.09941189676729682, -1.9428108740791417], [-0.18703036869073594, 0.9672043638328653, 0.17185854581623125, -0.31426540464859914], [-0.06661626060016214, -0.18703036869073594, 0.9800928093864676, -0.4714054370395708], [0.0, 0.0, 0.0, 1.0]]; theta_Rho: [[-0.23243705928325653, 3.9833080768585205]]; s_p: [[3.7741401195526123, 0.8933975100517273, 0.9079926013946533]]; w_p: [[2.0, 0.0, 0.0]]
Pose: [[0.980118208769578, 0.15095103164690854, 0.12877143659619528, -1.8577953463741634], [-0.1698174979154291, 0.9738458827999825, 0.15095103164690854, -0.4408994180331249], [-0.1026173193961778, -0.1698174979154291, 0.980118208769578, -0.4288976731870817], [0.0, 0.0, 0.0, 1.0]]; theta_Rho: [[-0.25096261501312256, 3.906524181365967]]; s_p: [[3.662210702896118, 0.9388719201087952, 0.9836984872817993]]; w_p: [[2.0, 0.0, 0.0]]
Pose: [[0.9801324283331545, 0.12600788836876528, 0.15317452463970183, -1.7385822251390002], [-0.1458440035279567, 0.9812499878745387, 0.12600788836876528, -0.49792510780917587], [-0.13442451251424042, -0.1458440035279567, 0.9801324283331545, -0.3692911125695001], [0.0, 0.0, 0.0, 1.0]]; theta_Rho: [[-0.2503679692745209, 3.789630889892578]]; s_p: [[3.5420444011688232, 0.9058209657669067, 0.9973522424697876]]; w_p: [[2.0, 0.0, 0.0]]
Pose: [[0.9801268426655876, 0.09809764513921844, 0.1724187469636833, -1.5899241613185386], [-0.11617969214560268, 0.9883719599174661, 0.09809764513921844, -0.4763393714423104], [-0.16079070688114927, -0.11617969214560268, 0.9801268426655876, -0.2949620806592693], [0.0, 0.0, 0.0, 1.0]]; theta_Rho: [[-0.22691848874092102, 3.633380889892578]]; s_p: [[3.4158129692077637, 0.7886949777603149, 0.9547982215881348]]; w_p: [[2.0, 0.0, 0.0]]
Pose: [[0.9801048399648288, 0.0681328395625106, 0.1864200065729709, -1.417747682799652], [-0.08207837748624916, 0.9942942502712031, 0.0681328395625106, -0.3795501220775604], [-0.18071425684417405, -0.08207837748624916, 0.9801048399648288, -0.20887384139982598], [0.0, 0.0, 0.0, 1.0]]; theta_Rho: [[-0.1788450926542282, 3.445096015930176]]; s_p: [[3.2808516025543213, 0.5931013226509094, 0.8677146434783936]]; w_p: [[2.0, 0.0, 0.0]]
Pose: [[0.9800797667886567, 0.03687447797918887, 0.19515102768177947, -1.2289169224465901], [-0.044902747001344126, 0.9983105810245105, 0.03687447797918887, -0.2228382539870446], [-0.1934616087062899, -0.044902747001344126, 0.9800797667886567, -0.11445846122329503], [0.0, 0.0, 0.0, 1.0]]; theta_Rho: [[-0.10697793960571289, 3.2386205196380615]]; s_p: [[3.132446765899658, 0.33638691902160645, 0.7505218982696533]]; w_p: [[2.0, 0.0, 0.0]]
Pose: [[0.9800668321814688, 0.004962289168458185, 0.19860609291758718, -1.030959966784706], [-0.006068644873287132, 0.9999692731457355, 0.004962289168458185, -0.030945125360792906], [-0.19857536606332266, -0.006068644873287132, 0.9800668321814688, -0.015479983392352976], [0.0, 0.0, 0.0, 1.0]]; theta_Rho: [[-0.015464347787201405, 3.0311574935913086]]; s_p: [[2.9672815799713135, 0.04589073359966278, 0.6172921061515808]]; w_p: [[2.0, 0.0, 0.0]]
Pose: [[0.9800738820881308, -0.02703538321210624, 0.19678484114198233, -0.8317687349469406], [0.032988263090180284, 0.999090017242124, -0.02703538321210624, 0.16583355813833245], [-0.19587485838410632, 0.032988263090180284, 0.9800738820881308, 0.08411563252652969], [0.0, 0.0, 0.0, 1.0]]; theta_Rho: [[0.08770864456892014, 2.837867259979248]]; s_p: [[2.7863481044769287, -0.24501542747020721, 0.47929298877716064]]; w_p: [[2.0, 0.0, 0.0]]
Pose: [[0.9800966401385156, -0.05856012075542905, 0.18968734340040352, -0.6392843527623837], [0.07083016306243185, 0.9957679449840002, -0.05856012075542905, 0.3364307691566513], [-0.18545528838440375, 0.07083016306243185, 0.9800966401385156, 0.18035782361880814], [0.0, 0.0, 0.0, 1.0]]; theta_Rho: [[0.19111572206020355, 2.6667463779449463]]; s_p: [[2.596372604370117, -0.5023385882377625, 0.3435721695423126]]; w_p: [[2.0, 0.0, 0.0]]
Pose: [[0.9801213016184267, -0.08900035150780458, 0.17731658564637517, -0.4611805651291395], [0.10603245287601146, 0.9903716758715304, -0.08900035150780458, 0.45391295916683433], [-0.16768826151790558, 0.10603245287601146, 0.9801213016184267, 0.26940971743543024], [0.0, 0.0, 0.0, 1.0]]; theta_Rho: [[0.28166648745536804, 2.5171468257904053]]; s_p: [[2.4093029499053955, -0.6971546411514282, 0.2127523422241211]]; w_p: [[2.0, 0.0, 0.0]]
Pose: [[0.9801329071956164, -0.11763690745675877, 0.15969045756174402, -0.30455780802114185], [0.1372111088546476, 0.9835317328947186, -0.11763690745675877, 0.4997322735653476], [-0.1432221904564626, 0.1372111088546476, 0.9801329071956164, 0.3477210959894291], [0.0, 0.0, 0.0, 1.0]]; theta_Rho: [[0.347101092338562, 2.3836166858673096]]; s_p: [[2.2400054931640625, -0.8103147745132446, 0.08598995953798294]]; w_p: [[2.0, 0.0, 0.0]]
Pose: [[0.9801244170694619, -0.1436059616299096, 0.13687021169193975, -0.1756601365125947], [0.1630713148090063, 0.9761071017418175, -0.1436059616299096, 0.466654850084016], [-0.11297731343375728, 0.1630713148090063, 0.9801244170694619, 0.41216993174370264], [0.0, 0.0, 0.0, 1.0]]; theta_Rho: [[0.3780450224876404, 2.2629952430725098]]; s_p: [[2.1028854846954346, -0.8351559638977051, -0.03918033093214035]]; w_p: [[2.0, 0.0, 0.0]]
Pose: [[0.9801009812467933, -0.1658859866161897, 0.10901332947601537, -0.0796262940064193], [0.18247749785303136, 0.9691149582075753, -0.1658859866161897, 0.35990288658396286], [-0.0781282876835906, 0.18247749785303136, 0.9801009812467933, 0.46018685299679035], [0.0, 0.0, 0.0, 1.0]]; theta_Rho: [[0.3694414794445038, 2.1601266860961914]]; s_p: [[2.0085232257843018, -0.7777418494224548, -0.16461975872516632]]; w_p: [[2.0, 0.0, 0.0]]
Pose: [[0.980076815595797, -0.1833143997017302, 0.07645434188845396, -0.020284846751021712], [0.19453525825663853, 0.9636139601297904, -0.1833143997017302, 0.19633017083905527], [-0.04006830201824435, 0.19453525825663853, 0.980076815595797, 0.48985757662448914], [0.0, 0.0, 0.0, 1.0]]; theta_Rho: [[0.3222118020057678, 2.0880749225616455]]; s_p: [[1.9614689350128174, -0.6548283696174622, -0.2896483540534973]]; w_p: [[2.0, 0.0, 0.0]]
Pose: [[0.9800665786651268, -0.194640299600172, 0.03980772733010762, -1.5509857087536716e-06], [0.19866901445589738, 0.9605445208144585, -0.194640299600172, 0.001761238027593601], [-0.00035224814456615364, 0.19866901445589738, 0.9800665786651268, 0.4999992245071456], [0.0, 0.0, 0.0, 1.0]]; theta_Rho: [[0.2451307773590088, 2.0615549087524414]]; s_p: [[1.9599609375, -0.4903070032596588, -0.4100742042064667]]; w_p: [[2.0, 0.0, 0.0]]
Pose: [[0.980076480027568, -0.1986204614983846, 7.46387362743732e-05, -0.019585037705002306], [0.19467777326976546, 0.9605469675496845, -0.1986204614983846, -0.19308575554231314], [0.0393783937140412, 0.19467777326976546, 0.980076480027568, 0.49020748114749885], [0.0, 0.0, 0.0, 1.0]]; theta_Rho: [[0.15449103713035583, 2.087177276611328]]; s_p: [[1.997633695602417, -0.3110954761505127, -0.5186408758163452]]; w_p: [[2.0, 0.0, 0.0]]
Pose: [[0.9801005136611962, -0.19416289407058573, -0.04127655129966308, -0.07825457509267009], [0.18275563007253431, 0.9637951806493563, -0.19416289407058573, -0.35744875388279906], [0.0774813706503067, 0.18275563007253431, 0.9801005136611962, 0.46087271245366496], [0.0, 0.0, 0.0, 1.0]]; theta_Rho: [[0.06920389086008072, 2.1585447788238525]]; s_p: [[2.0665152072906494, -0.14323961734771729, -0.6068880558013916]]; w_p: [[2.0, 0.0, 0.0]]
Pose: [[0.9801241010976646, -0.1805123184720919, -0.08229246215374195, -0.17367119383549756], [0.16347196350923296, 0.9698928910071802, -0.1805123184720919, -0.46537845357046026], [0.11239957114656168, 0.16347196350923296, 0.9801241010976646, 0.4131644030822512], [0.0, 0.0, 0.0, 1.0]]; theta_Rho: [[0.003957181237637997, 2.2610015869140625]]; s_p: [[2.160104274749756, -0.008547969162464142, -0.6678357124328613]]; w_p: [[2.0, 0.0, 0.0]]
Pose: [[0.9801329345021937, -0.15745469040352983, -0.12061281513192061, -0.30203093444876095], [0.137716190349098, 0.9778764090546717, -0.15745469040352983, -0.4998351281834764], [0.14273640607724894, 0.137716190349098, 0.9801329345021937, 0.3489845327756195], [0.0, 0.0, 0.0, 1.0]]; theta_Rho: [[-0.03437749296426773, 2.381380319595337]]; s_p: [[2.2753188610076904, 0.07825059443712234, -0.6984070539474487]]; w_p: [[2.0, 0.0, 0.0]]
Pose: [[0.9801216556395377, -0.12549844262360524, -0.1536609288188161, -0.4582164991367951], [0.10662035810675302, 0.9863479305682339, -0.12549844262360524, -0.4553788264340131], [0.16731299825058227, 0.10662035810675302, 0.9801216556395377, 0.27089175043160246], [0.0, 0.0, 0.0, 1.0]]; theta_Rho: [[-0.04629780724644661, 2.5146729946136475]]; s_p: [[2.4125802516937256, 0.11177704483270645, -0.7003880143165588]]; w_p: [[2.0, 0.0, 0.0]]
Pose: [[0.9800971061293842, -0.08597805252252834, -0.17893416957428795, -0.6360012623075393], [0.07147713811569216, 0.9937297385160735, -0.08597805252252834, -0.33902822086289053], [0.18520443105821457, 0.07147713811569216, 0.9800971061293842, 0.18199936884623036], [0.0, 0.0, 0.0, 1.0]]; theta_Rho: [[-0.03776486590504646, 2.663938283920288]]; s_p: [[2.5740628242492676, 0.09725537896156311, -0.6791967153549194]]; w_p: [[2.0, 0.0, 0.0]]
Pose: [[0.9800741773850057, -0.04103063143632532, -0.19434786879984303, -0.8282975064856399], [0.03366947218899678, 0.9985904335244009, -0.04103063143632532, -0.16915251377200005], [0.19575743527544218, 0.03366947218899678, 0.9800741773850057, 0.08585124675718006], [0.0, 0.0, 0.0, 1.0]]; theta_Rho: [[-0.01810006983578205, 2.8346517086029053]]; s_p: [[2.7608306407928467, 0.04997668415307999, -0.6407546401023865]]; w_p: [[2.0, 0.0, 0.0]]
Pose: [[0.9800667776615453, 0.006577517415872078, -0.1985594308733762, -1.027438987241606], [-0.005378461954188639, 0.9999639035543488, 0.006577517415872078, 0.027428655917037376], [0.19859552731902727, -0.005378461954188639, 0.9800667776615453, -0.013719493620803045], [0.0, 0.0, 0.0, 1.0]]; theta_Rho: [[0.002555049490183592, 3.0275943279266357]]; s_p: [[2.9699645042419434, -0.007588422857224941, -0.5878609418869019]]; w_p: [[2.0, 0.0, 0.0]]
Pose: [[0.9800793955229139, 0.05375603888069257, -0.19119274765350594, -1.225486562164981], [-0.04422893456636499, 0.9975741023257279, 0.05375603888069257, 0.21967944393821967], [0.19361864532777814, -0.04422893456636499, 0.9800793955229139, -0.1127432810824905], [0.0, 0.0, 0.0, 1.0]]; theta_Rho: [[0.015891922637820244, 3.234924077987671]]; s_p: [[3.1927783489227295, -0.05074365809559822, -0.51800137758255]]; w_p: [[2.0, 0.0, 0.0]]
Pose: [[0.9801043771577715, 0.09746758184727297, -0.17290309530202705, -1.4145446994188335], [-0.08144611774163377, 0.9919004992405545, 0.09746758184727297, 0.3772476780744418], [0.18100259606147265, -0.08144611774163377, 0.9801043771577715, -0.20727234970941677], [0.0, 0.0, 0.0, 1.0]]; theta_Rho: [[0.01706094853579998, 3.441568374633789]]; s_p: [[3.4148523807525635, -0.05826627463102341, -0.42400622367858887]]; w_p: [[2.0, 0.0, 0.0]]
Pose: [[0.9801265690498597, 0.13509291596336423, -0.14526462989684027, -1.5870762476783056], [-0.1156135907541647, 0.9840647345014677, 0.13509291596336423, 0.47525679876683863], [0.1611998953953727, -0.1156135907541647, 0.9801265690498597, -0.2935381238391528], [0.0, 0.0, 0.0, 1.0]]; theta_Rho: [[0.0047074309550225735, 3.630309820175171]]; s_p: [[3.6180531978607178, -0.01703186146914959, -0.29757460951805115]]; w_p: [[2.0, 0.0, 0.0]]
