0.781000787225567,-0.624491822715828,-0.00690895897421628,7.133633660327763,0.6236556694049069,0.7792744410109742,0.061521960356859924,2.517272044739517,-0.033035986017706215,-0.05235751090432362,0.9980818176280647,0.6569360932579684,0.0,0.0,0.0,1.0,-0.7837575427757436,0.6189192442688098,0.05160506967201779,7.148786589327763,-0.6140078183149353,-0.7846619719062481,0.0854399724504397,2.4668082647156915,0.09337297890857886,0.03527830661927796,0.9950059938974309,0.578719664733194,0.0,0.0,0.0,1.0,1.4535179676834216,0.3910011083092515,-0.47859380364048465,3.6851618896202956,1.669891702479533,0.04493665432114721,3.299410154885533,-0.24588594929568103,1.2006243775270216,1.6945516187581429,-0.07434129187752059,0.6789370478717061,5.1612040938836365,0.07767408459495306,-0.3689235212667409,3.5290934784888908,0.7476071202459982,1.2913132328371504,3.3371573519471824,0.7844283353712189,-0.14657743022717812,3.6195849290044757,1.7154783215534612,0.5861269384543841,5.07754926230447,-1.3320126899718894,-0.6536546742568794,3.4668502324191777,-1.8610160526328148,0.7582377747335571,5.923482920617524,2.0969623083413196,0.8866499398802258,2.982176718207758,0.7597432849035949,-0.10018636051947427,5.705628107369899,2.2490849347685864,0.23069249782703888,5.500984239755231,-0.49511417983743944,2.4381664286573095,5.611056052504852,1.9490729431942375,0.9615094593254652,5.529097565138682,1.419219295799503,1.2063785485153558
-0.8156651376481211,0.5450390491305719,-0.19396602318012707,7.2646616728427285,-0.527991226596376,-0.8383714825950311,-0.1354936227601275,2.2148949934324835,-0.23646489773902163,-0.008105065962185604,0.9716062268445086,2.0205241163192165,0.0,0.0,0.0,1.0,-0.8651054126256797,0.4941274147933157,0.08620164148917503,7.464706354295474,-0.4991200369585024,-0.8650718869829593,-0.05029730667030377,1.9989521951523912,0.04971733854800536,-0.08653743872693406,0.9950072652731161,0.5866176588573868,0.0,0.0,0.0,1.0,1.4535179676834216,0.3910011083092515,-0.47859380364048465,3.6851618896202956,1.669891702479533,0.04493665432114721,3.299410154885533,-0.24588594929568103,1.2006243775270216,1.6945516187581429,-0.07434129187752059,0.6789370478717061,5.1612040938836365,0.07767408459495306,-0.3689235212667409,3.5290934784888908,0.7476071202459982,1.2913132328371504,3.3371573519471824,0.7844283353712189,-0.14657743022717812,3.6195849290044757,1.7154783215534612,0.5861269384543841,5.07754926230447,-1.3320126899718894,-0.6536546742568794,3.4668502324191777,-1.8610160526328148,0.7582377747335571,5.923482920617524,2.0969623083413196,0.8866499398802258,2.982176718207758,0.7597432849035949,-0.10018636051947427,5.705628107369899,2.2490849347685864,0.23069249782703888,5.500984239755231,-0.49511417983743944,2.4381664286573095,5.611056052504852,1.9490729431942375,0.9615094593254652,5.529097565138682,1.419219295799503,1.2063785485153558,2.138374578459768,0.27106429757024486,0.8883493136202953,4.137996061371681,-2.5419996537866565,1.489042725130468
-0.8199377549023569,0.39967294714973356,-0.409833641130555,7.393435974448152,-0.4773993483455945,-0.8724783311003953,0.10426612086133363,2.001007168054073,-0.3158986234298655,0.28114604225724893,0.9061815285240595,1.800321048984259,0.0,0.0,0.0,1.0,-0.924276405622014,0.3789190555578833,-0.04618955883717106,7.7078748736322815,-0.3740490717950742,-0.9231804381046077,-0.08845999429249651,1.500554537991336,-0.07616047465512665,-0.06448432395634474,0.9950082180887749,0.592696871840807,0.0,0.0,0.0,1.0,1.4535179676834216,0.3910011083092515,-0.47859380364048465,3.6851618896202956,1.669891702479533,0.04493665432114721,3.299410154885533,-0.24588594929568103,1.2006243775270216,1.6945516187581429,-0.07434129187752059,0.6789370478717061,5.1612040938836365,0.07767408459495306,-0.3689235212667409,3.5290934784888908,0.7476071202459982,1.2913132328371504,3.3371573519471824,0.7844283353712189,-0.14657743022717812,3.6195849290044757,1.7154783215534612,0.5861269384543841,5.07754926230447,-1.3320126899718894,-0.6536546742568794,3.4668502324191777,-1.8610160526328148,0.7582377747335571,5.923482920617524,2.0969623083413196,0.8866499398802258,2.982176718207758,0.7597432849035949,-0.10018636051947427,5.705628107369899,2.2490849347685864,0.23069249782703888,5.500984239755231,-0.49511417983743944,2.4381664286573095,5.611056052504852,1.9490729431942375,0.9615094593254652,5.529097565138682,1.419219295799503,1.2063785485153558,2.138374578459768,0.27106429757024486,0.8883493136202953,4.137996061371681,-2.5419996537866565,1.489042725130468
-0.8315956832633007,0.29281602092103043,-0.47191884627530867,7.421952157216483,-0.3750523118296015,-0.9227855884211846,0.08833188095721128,1.6180166671512735,-0.4096149203448466,0.25045066519005754,0.8772058374958197,2.1392827016357567,0.0,0.0,0.0,1.0,-0.9677530469031673,0.23560553323934535,-0.08912952887029807,7.882196614285543,-0.240209145840028,-0.9696829470398861,0.04488372171341365,0.9636127064489506,-0.07585253103517198,0.06484608644356828,0.9950082304224983,0.5970549153571386,0.0,0.0,0.0,1.0,1.4535179676834216,0.3910011083092515,-0.47859380364048465,3.6851618896202956,1.669891702479533,0.04493665432114721,3.299410154885533,-0.24588594929568103,1.2006243775270216,1.6945516187581429,-0.07434129187752059,0.6789370478717061,5.1612040938836365,0.07767408459495306,-0.3689235212667409,3.5290934784888908,0.7476071202459982,1.2913132328371504,3.3371573519471824,0.7844283353712189,-0.14657743022717812,3.6195849290044757,1.7154783215534612,0.5861269384543841,5.07754926230447,-1.3320126899718894,-0.6536546742568794,3.4668502324191777,-1.8610160526328148,0.7582377747335571,5.923482920617524,2.0969623083413196,0.8866499398802258,2.982176718207758,0.7597432849035949,-0.10018636051947427,5.705628107369899,2.2490849347685864,0.23069249782703888,5.500984239755231,-0.49511417983743944,2.4381664286573095,5.611056052504852,1.9490729431942375,0.9615094593254652,5.529097565138682,1.419219295799503,1.2063785485153558,2.138374578459768,0.27106429757024486,0.8883493136202953,4.137996061371681,-2.5419996537866565,1.489042725130468
-0.9965591360012812,0.0826605384755083,0.0060929328995916136,7.968547121285599,-0.07909655209208646,-0.9704083817235999,0.2281475577947922,0.42436489296341956,0.024771433134232856,0.22688060309229438,0.9736075020463603,1.182400485642683,0.0,0.0,0.0,1.0,-0.9936429404431631,0.10238332790374208,0.04681197576283959,7.9806912188481025,-0.09798724439846415,-0.9912770581448,0.08813792561087183,0.3925524425928337,0.0554274917587068,0.08299065105869907,0.9950077110224783,0.5995172804712026,0.0,0.0,0.0,1.0,1.4535179676834216,0.3910011083092515,-0.47859380364048465,3.6851618896202956,1.669891702479533,0.04493665432114721,3.299410154885533,-0.24588594929568103,1.2006243775270216,1.6945516187581429,-0.07434129187752059,0.6789370478717061,5.1612040938836365,0.07767408459495306,-0.3689235212667409,3.5290934784888908,0.7476071202459982,1.2913132328371504,3.3371573519471824,0.7844283353712189,-0.14657743022717812,3.6195849290044757,1.7154783215534612,0.5861269384543841,5.07754926230447,-1.3320126899718894,-0.6536546742568794,3.4668502324191777,-1.8610160526328148,0.7582377747335571,5.923482920617524,2.0969623083413196,0.8866499398802258,2.982176718207758,0.7597432849035949,-0.10018636051947427,5.705628107369899,2.2490849347685864,0.23069249782703888,5.500984239755231,-0.49511417983743944,2.4381664286573095,5.611056052504852,1.9490729431942375,0.9615094593254652,5.529097565138682,1.419219295799503,1.2063785485153558,2.138374578459768,0.27106429757024486,0.8883493136202953,4.137996061371681,-2.5419996537866565,1.489042725130468
-0.9974888306702792,-0.07039075765582099,0.007821376137134387,7.9784936186132756,0.06967853537406278,-0.9555731959147882,0.2863996664755797,-0.16254778250595248,-0.012685992123777324,0.28622545045092906,0.9580783147102319,1.3444862902431758,0.0,0.0,0.0,1.0,-0.9949301643664465,-0.05064855315802573,0.08688320952149475,7.995638326723622,0.04650070780344445,-0.9977098878810464,-0.04911887415413886,-0.18674678582846405,0.08917203713909419,-0.044829718796687665,0.9950068563105854,0.5998909581680906,0.0,0.0,0.0,1.0,1.4535179676834216,0.3910011083092515,-0.47859380364048465,3.6851618896202956,1.669891702479533,0.04493665432114721,3.299410154885533,-0.24588594929568103,1.2006243775270216,1.6945516187581429,-0.07434129187752059,0.6789370478717061,5.1612040938836365,0.07767408459495306,-0.3689235212667409,3.5290934784888908,0.7476071202459982,1.2913132328371504,3.3371573519471824,0.7844283353712189,-0.14657743022717812,3.6195849290044757,1.7154783215534612,0.5861269384543841,5.07754926230447,-1.3320126899718894,-0.6536546742568794,3.4668502324191777,-1.8610160526328148,0.7582377747335571,5.923482920617524,2.0969623083413196,0.8866499398802258,2.982176718207758,0.7597432849035949,-0.10018636051947427,5.705628107369899,2.2490849347685864,0.23069249782703888,5.500984239755231,-0.49511417983743944,2.4381664286573095,5.611056052504852,1.9490729431942375,0.9615094593254652,5.529097565138682,1.419219295799503,1.2063785485153558,2.138374578459768,0.27106429757024486,0.8883493136202953,4.137996061371681,-2.5419996537866565,1.489042725130468
-0.7865039536698574,-0.059871428583012025,-0.6146762911493432,7.287839980084497,0.09812608473674725,-0.9947611141683411,-0.028663517453330824,-0.3101858053786516,-0.6097399464984393,-0.08285974763411963,0.7882584981248794,3.0190769893671443,0.0,0.0,0.0,1.0,-0.9819351600350625,-0.18316246022343324,-0.04748530985278493,7.92955458326823,0.1867627469952105,-0.9784736055130763,-0.08780136473337694,-0.7473959975245088,-0.03038120836501977,-0.09508373404079024,0.995005560637297,0.5982388645817057,0.0,0.0,0.0,1.0,1.4535179676834216,0.3910011083092515,-0.47859380364048465,3.6851618896202956,1.669891702479533,0.04493665432114721,3.299410154885533,-0.24588594929568103,1.2006243775270216,1.6945516187581429,-0.07434129187752059,0.6789370478717061,5.1612040938836365,0.07767408459495306,-0.3689235212667409,3.5290934784888908,0.7476071202459982,1.2913132328371504,3.3371573519471824,0.7844283353712189,-0.14657743022717812,3.6195849290044757,1.7154783215534612,0.5861269384543841,5.07754926230447,-1.3320126899718894,-0.6536546742568794,3.4668502324191777,-1.8610160526328148,0.7582377747335571,5.923482920617524,2.0969623083413196,0.8866499398802258,2.982176718207758,0.7597432849035949,-0.10018636051947427,5.705628107369899,2.2490849347685864,0.23069249782703888,5.500984239755231,-0.49511417983743944,2.4381664286573095,5.611056052504852,1.9490729431942375,0.9615094593254652,5.529097565138682,1.419219295799503,1.2063785485153558,2.138374578459768,0.27106429757024486,0.8883493136202953,4.137996061371681,-2.5419996537866565,1.489042725130468
-0.751932932476993,-0.15858357447660618,-0.6398813288124392,7.117434056973051,0.2708226476214428,-0.9592564330393596,-0.08051204386870746,-1.0162486798104238,-0.6010423933399891,-0.23383401287842526,0.7642445262017326,2.9436542898375135,0.0,0.0,0.0,1.0,-0.9401393341667048,-0.3297921468008608,-0.08587882312342315,7.778687271447386,0.3264431988262948,-0.9438456232647421,0.050894767747249714,-1.3120680259047206,-0.09784104605246657,0.019813615330620607,0.9950047991617375,0.5944671817861846,0.0,0.0,0.0,1.0,1.4535179676834216,0.3910011083092515,-0.47859380364048465,3.6851618896202956,1.669891702479533,0.04493665432114721,3.299410154885533,-0.24588594929568103,1.2006243775270216,1.6945516187581429,-0.07434129187752059,0.6789370478717061,5.1612040938836365,0.07767408459495306,-0.3689235212667409,3.5290934784888908,0.7476071202459982,1.2913132328371504,3.3371573519471824,0.7844283353712189,-0.14657743022717812,3.6195849290044757,1.7154783215534612,0.5861269384543841,5.07754926230447,-1.3320126899718894,-0.6536546742568794,3.4668502324191777,-1.8610160526328148,0.7582377747335571,5.923482920617524,2.0969623083413196,0.8866499398802258,2.982176718207758,0.7597432849035949,-0.10018636051947427,5.705628107369899,2.2490849347685864,0.23069249782703888,5.500984239755231,-0.49511417983743944,2.4381664286573095,5.611056052504852,1.9490729431942375,0.9615094593254652,5.529097565138682,1.419219295799503,1.2063785485153558,2.138374578459768,0.27106429757024486,0.8883493136202953,4.137996061371681,-2.5419996537866565,1.489042725130468
-0.8654534293231573,-0.47493628882671457,-0.1594549567379268,7.476611155652306,0.3439275413833359,-0.794666092356966,0.5002195997120901,-1.275940898181289,-0.36428588766352216,0.37807581675322405,0.851090164927067,2.4134857045786373,0.0,0.0,0.0,1.0,-0.8873342821598416,-0.4580812114034057,0.05291006958100791,7.549449474533555,0.4610580976702063,-0.8833223666230955,0.0846582966761331,-1.844290765506747,0.0079562727837366,0.09951482493860923,0.9950042700113547,0.5887362368633389,0.0,0.0,0.0,1.0,1.4535179676834216,0.3910011083092515,-0.47859380364048465,3.6851618896202956,1.669891702479533,0.04493665432114721,3.299410154885533,-0.24588594929568103,1.2006243775270216,1.6945516187581429,-0.07434129187752059,0.6789370478717061,5.1612040938836365,0.07767408459495306,-0.3689235212667409,3.5290934784888908,0.7476071202459982,1.2913132328371504,3.3371573519471824,0.7844283353712189,-0.14657743022717812,3.6195849290044757,1.7154783215534612,0.5861269384543841,5.07754926230447,-1.3320126899718894,-0.6536546742568794,3.4668502324191777,-1.8610160526328148,0.7582377747335571,5.923482920617524,2.0969623083413196,0.8866499398802258,2.982176718207758,0.7597432849035949,-0.10018636051947427,5.705628107369899,2.2490849347685864,0.23069249782703888,5.500984239755231,-0.49511417983743944,2.4381664286573095,5.611056052504852,1.9490729431942375,0.9615094593254652,5.529097565138682,1.419219295799503,1.2063785485153558,2.138374578459768,0.27106429757024486,0.8883493136202953,4.137996061371681,-2.5419996537866565,1.489042725130468
-0.8043636799223346,-0.5892042566848786,0.07640297328127775,7.219354827655167,0.5913547483318696,-0.781518524142623,0.19881739875395046,-2.136928030673403,-0.057433718729950026,0.20510275553087035,0.977053850934785,1.8970723527827522,0.0,0.0,0.0,1.0,-0.8081129672453777,-0.5829940138311094,0.08409168809676502,7.2486348838493235,0.5805301750537311,-0.8124589292872181,-0.0538071005867422,-2.3337462140167027,0.09969026041673147,0.005335546697356017,0.9950042130159472,0.581215872096233,0.0,0.0,0.0,1.0,1.4535179676834216,0.3910011083092515,-0.47859380364048465,3.6851618896202956,1.669891702479533,0.04493665432114721,3.299410154885533,-0.24588594929568103,1.2006243775270216,1.6945516187581429,-0.07434129187752059,0.6789370478717061,5.1612040938836365,0.07767408459495306,-0.3689235212667409,3.5290934784888908,0.7476071202459982,1.2913132328371504,3.3371573519471824,0.7844283353712189,-0.14657743022717812,3.6195849290044757,1.7154783215534612,0.5861269384543841,5.07754926230447,-1.3320126899718894,-0.6536546742568794,3.4668502324191777,-1.8610160526328148,0.7582377747335571,5.923482920617524,2.0969623083413196,0.8866499398802258,2.982176718207758,0.7597432849035949,-0.10018636051947427,5.705628107369899,2.2490849347685864,0.23069249782703888,5.500984239755231,-0.49511417983743944,2.4381664286573095,5.611056052504852,1.9490729431942375,0.9615094593254652,5.529097565138682,1.419219295799503,1.2063785485153558,2.138374578459768,0.27106429757024486,0.8883493136202953,4.137996061371681,-2.5419996537866565,1.489042725130468
-0.731881050730179,-0.6814275784189517,-0.002565726441389235,6.923877938280027,0.6765774083341839,-0.7271101214576439,0.1164211398571961,-2.5073955802176227,-0.08119814107408888,0.08347051361968022,0.9931966246631021,1.8011333722811191,0.0,0.0,0.0,1.0,-0.7192253438507142,-0.6925262194346218,-0.05587790402665809,6.877334742800908,0.6945600759457413,-0.714662786228283,-0.08272486254249108,-2.778658809186697,0.017355277729512043,-0.09830837897157067,0.9950046517272738,0.5719333685700227,0.0,0.0,0.0,1.0,1.4535179676834216,0.3910011083092515,-0.47859380364048465,3.6851618896202956,1.669891702479533,0.04493665432114721,3.299410154885533,-0.24588594929568103,1.2006243775270216,1.6945516187581429,-0.07434129187752059,0.6789370478717061,5.1612040938836365,0.07767408459495306,-0.3689235212667409,3.5290934784888908,0.7476071202459982,1.2913132328371504,3.3371573519471824,0.7844283353712189,-0.14657743022717812,3.6195849290044757,1.7154783215534612,0.5861269384543841,5.07754926230447,-1.3320126899718894,-0.6536546742568794,3.4668502324191777,-1.8610160526328148,0.7582377747335571,5.923482920617524,2.0969623083413196,0.8866499398802258,2.982176718207758,0.7597432849035949,-0.10018636051947427,5.705628107369899,2.2490849347685864,0.23069249782703888,5.500984239755231,-0.49511417983743944,2.4381664286573095,5.611056052504852,1.9490729431942375,0.9615094593254652,5.529097565138682,1.419219295799503,1.2063785485153558,2.138374578459768,0.27106429757024486,0.8883493136202953,4.137996061371681,-2.5419996537866565,1.489042725130468
-0.5683378409251256,-0.7862632296430997,-0.24245047387821086,6.257630405320752,0.7041897580894062,-0.6172240883033895,0.35092906608035934,-2.722961436214189,-0.42556889357018357,0.028715127185022976,0.904470319190297,2.613214725078916,0.0,0.0,0.0,1.0,-0.6055971012715825,-0.7918453558045506,-0.07894987917800253,6.433757693935593,0.7898930194661407,-0.6101945616338361,0.06108694419557864,-3.174401280117135,-0.09654619997762628,-0.025367882120018056,0.9950051767838322,0.5608439423483899,0.0,0.0,0.0,1.0,1.4535179676834216,0.3910011083092515,-0.47859380364048465,3.6851618896202956,1.669891702479533,0.04493665432114721,3.299410154885533,-0.24588594929568103,1.2006243775270216,1.6945516187581429,-0.07434129187752059,0.6789370478717061,5.1612040938836365,0.07767408459495306,-0.3689235212667409,3.5290934784888908,0.7476071202459982,1.2913132328371504,3.3371573519471824,0.7844283353712189,-0.14657743022717812,3.6195849290044757,1.7154783215534612,0.5861269384543841,5.07754926230447,-1.3320126899718894,-0.6536546742568794,3.4668502324191777,-1.8610160526328148,0.7582377747335571,5.923482920617524,2.0969623083413196,0.8866499398802258,2.982176718207758,0.7597432849035949,-0.10018636051947427,5.705628107369899,2.2490849347685864,0.23069249782703888,5.500984239755231,-0.49511417983743944,2.4381664286573095,5.611056052504852,1.9490729431942375,0.9615094593254652,5.529097565138682,1.419219295799503,1.2063785485153558,2.138374578459768,0.27106429757024486,0.8883493136202953,4.137996061371681,-2.5419996537866565,1.489042725130468
-0.4449760312431472,-0.8823313118983702,-0.15325725973929755,5.761354239215051,0.8230852952113541,-0.47037457667417293,0.3182426030961768,-3.1644332138497075,-0.35288373216391783,0.01546653362242198,0.9355393406542403,2.4082845226568046,0.0,0.0,0.0,1.0,-0.4859818490729034,-0.871611642603306,0.06414660435321952,5.945173200358751,0.8732360128650336,-0.4812594336281286,0.0764736776905099,-3.4951825732865647,-0.03578418934754307,0.09317994431367545,0.9950060249920297,0.5486293300089687,0.0,0.0,0.0,1.0,1.4535179676834216,0.3910011083092515,-0.47859380364048465,3.6851618896202956,1.669891702479533,0.04493665432114721,3.299410154885533,-0.24588594929568103,1.2006243775270216,1.6945516187581429,-0.07434129187752059,0.6789370478717061,5.1612040938836365,0.07767408459495306,-0.3689235212667409,3.5290934784888908,0.7476071202459982,1.2913132328371504,3.3371573519471824,0.7844283353712189,-0.14657743022717812,3.6195849290044757,1.7154783215534612,0.5861269384543841,5.07754926230447,-1.3320126899718894,-0.6536546742568794,3.4668502324191777,-1.8610160526328148,0.7582377747335571,5.923482920617524,2.0969623083413196,0.8866499398802258,2.982176718207758,0.7597432849035949,-0.10018636051947427,5.705628107369899,2.2490849347685864,0.23069249782703888,5.500984239755231,-0.49511417983743944,2.4381664286573095,5.611056052504852,1.9490729431942375,0.9615094593254652,5.529097565138682,1.419219295799503,1.2063785485153558,2.138374578459768,0.27106429757024486,0.8883493136202953,4.137996061371681,-2.5419996537866565,1.489042725130468
-0.3553615197198795,-0.93400910576062,0.036676704576948146,5.431833051266299,0.915684552796236,-0.3399730205807311,0.21433652289698826,-3.503104278101103,-0.18772317404288447,0.10975124433673092,0.9760710395733521,2.0499819663545247,0.0,0.0,0.0,1.0,-0.34881753421686656,-0.9344760418662948,0.0712801164474896,5.401017445684722,0.9328122413444745,-0.3535255795741459,-0.0698640607513039,-3.7466184909711657,0.0904856354387962,0.042121155785030714,0.9950066120456539,0.5350254361421181,0.0,0.0,0.0,1.0,1.4535179676834216,0.3910011083092515,-0.47859380364048465,3.6851618896202956,1.669891702479533,0.04493665432114721,3.299410154885533,-0.24588594929568103,1.2006243775270216,1.6945516187581429,-0.07434129187752059,0.6789370478717061,5.1612040938836365,0.07767408459495306,-0.3689235212667409,3.5290934784888908,0.7476071202459982,1.2913132328371504,3.3371573519471824,0.7844283353712189,-0.14657743022717812,3.6195849290044757,1.7154783215534612,0.5861269384543841,5.07754926230447,-1.3320126899718894,-0.6536546742568794,3.4668502324191777,-1.8610160526328148,0.7582377747335571,5.923482920617524,2.0969623083413196,0.8866499398802258,2.982176718207758,0.7597432849035949,-0.10018636051947427,5.705628107369899,2.2490849347685864,0.23069249782703888,5.500984239755231,-0.49511417983743944,2.4381664286573095,5.611056052504852,1.9490729431942375,0.9615094593254652,5.529097565138682,1.419219295799503,1.2063785485153558,2.138374578459768,0.27106429757024486,0.8883493136202953,4.137996061371681,-2.5419996537866565,1.489042725130468
-0.20826604893749573,-0.976964951595408,-0.046526725805141944,4.82576782432793,0.9755984913688995,-0.21088525665319718,0.06111458226186567,-3.739223639393479,-0.06951860541388745,-0.0326633109236866,0.9970457720791011,1.7143293049013217,0.0,0.0,0.0,1.0,-0.20731609990965627,-0.97543268386266,-0.07450579823569166,4.830289605272177,0.9770117941914879,-0.2025796621311704,-0.06640357295771648,-3.9128786297784623,0.049678855954815776,-0.08655957337758219,0.9950072620477258,0.5207572401318045,0.0,0.0,0.0,1.0,1.4535179676834216,0.3910011083092515,-0.47859380364048465,3.6851618896202956,1.669891702479533,0.04493665432114721,3.299410154885533,-0.24588594929568103,1.2006243775270216,1.6945516187581429,-0.07434129187752059,0.6789370478717061,5.1612040938836365,0.07767408459495306,-0.3689235212667409,3.5290934784888908,0.7476071202459982,1.2913132328371504,3.3371573519471824,0.7844283353712189,-0.14657743022717812,3.6195849290044757,1.7154783215534612,0.5861269384543841,5.07754926230447,-1.3320126899718894,-0.6536546742568794,3.4668502324191777,-1.8610160526328148,0.7582377747335571,5.923482920617524,2.0969623083413196,0.8866499398802258,2.982176718207758,0.7597432849035949,-0.10018636051947427,5.705628107369899,2.2490849347685864,0.23069249782703888,5.500984239755231,-0.49511417983743944,2.4381664286573095,5.611056052504852,1.9490729431942375,0.9615094593254652,5.529097565138682,1.419219295799503,1.2063785485153558,2.138374578459768,0.27106429757024486,0.8883493136202953,4.137996061371681,-2.5419996537866565,1.489042725130468
-0.126757660119793,-0.9804458689545619,-0.150527052887145,4.4830776673031885,0.9268556219402859,-0.06300919891420981,-0.3700925518432865,-3.750185308630701,0.35337112456826636,-0.18642891112197124,0.9167186642690522,-0.7969215753583789,0.0,0.0,0.0,1.0,-0.05511436197377506,-0.996843188475679,-0.05714949425730242,4.221257628999693,0.9948580100465185,-0.05969521122061783,0.08181700070038664,-3.9938759446945067,-0.08497027098053145,-0.05234634033977509,0.9950074942946548,0.5055314407249923,0.0,0.0,0.0,1.0,1.4535179676834216,0.3910011083092515,-0.47859380364048465,3.6851618896202956,1.669891702479533,0.04493665432114721,3.299410154885533,-0.24588594929568103,1.2006243775270216,1.6945516187581429,-0.07434129187752059,0.6789370478717061,5.1612040938836365,0.07767408459495306,-0.3689235212667409,3.5290934784888908,0.7476071202459982,1.2913132328371504,3.3371573519471824,0.7844283353712189,-0.14657743022717812,3.6195849290044757,1.7154783215534612,0.5861269384543841,5.07754926230447,-1.3320126899718894,-0.6536546742568794,3.4668502324191777,-1.8610160526328148,0.7582377747335571,5.923482920617524,2.0969623083413196,0.8866499398802258,2.982176718207758,0.7597432849035949,-0.10018636051947427,5.705628107369899,2.2490849347685864,0.23069249782703888,5.500984239755231,-0.49511417983743944,2.4381664286573095,5.611056052504852,1.9490729431942375,0.9615094593254652,5.529097565138682,1.419219295799503,1.2063785485153558,2.138374578459768,0.27106429757024486,0.8883493136202953,4.137996061371681,-2.5419996537866565,1.489042725130468
0.09357437785325051,-0.9944399468097319,0.04830142853409686,3.6384465245421422,0.933516824102267,0.07076976812786417,-0.35147969932436385,-3.8090433281468954,0.3461071726032184,0.07797969035707766,0.934948657929632,-0.4601535148236702,0.0,0.0,0.0,1.0,0.09435466635598266,-0.991800387236783,0.08619274223401245,3.621935781821127,0.9938234600288517,0.09891845192818838,0.050299802826773904,-3.982093349851657,-0.058413416550762085,0.0809143482028892,0.9950079100297488,0.4905483945455281,0.0,0.0,0.0,1.0,1.4535179676834216,0.3910011083092515,-0.47859380364048465,3.6851618896202956,1.669891702479533,0.04493665432114721,3.299410154885533,-0.24588594929568103,1.2006243775270216,1.6945516187581429,-0.07434129187752059,0.6789370478717061,5.1612040938836365,0.07767408459495306,-0.3689235212667409,3.5290934784888908,0.7476071202459982,1.2913132328371504,3.3371573519471824,0.7844283353712189,-0.14657743022717812,3.6195849290044757,1.7154783215534612,0.5861269384543841,5.07754926230447,-1.3320126899718894,-0.6536546742568794,3.4668502324191777,-1.8610160526328148,0.7582377747335571,5.923482920617524,2.0969623083413196,0.8866499398802258,2.982176718207758,0.7597432849035949,-0.10018636051947427,5.705628107369899,2.2490849347685864,0.23069249782703888,5.500984239755231,-0.49511417983743944,2.4381664286573095,5.611056052504852,1.9490729431942375,0.9615094593254652,5.529097565138682,1.419219295799503,1.2063785485153558,2.138374578459768,0.27106429757024486,0.8883493136202953,4.137996061371681,-2.5419996537866565,1.489042725130468
0.20563886682036303,-0.9779396444339516,0.036697524401976704,3.2169086924212587,0.9673604212678508,0.20880221247568576,0.1435808184603548,-3.7511390860455367,-0.1480758988401683,0.0059739358596558045,0.9889579567772441,1.5891599521015332,0.0,0.0,0.0,1.0,0.2462835340148951,-0.9684314203309987,0.038535762465773886,3.0117122263293306,0.9659050577092081,0.24197801731879942,-0.09205465021515392,-3.875988554731951,0.07982380825859861,0.0598934324458648,0.995008008201415,0.4752928056582333,0.0,0.0,0.0,1.0,1.4535179676834216,0.3910011083092515,-0.47859380364048465,3.6851618896202956,1.669891702479533,0.04493665432114721,3.299410154885533,-0.24588594929568103,1.2006243775270216,1.6945516187581429,-0.07434129187752059,0.6789370478717061,5.1612040938836365,0.07767408459495306,-0.3689235212667409,3.5290934784888908,0.7476071202459982,1.2913132328371504,3.3371573519471824,0.7844283353712189,-0.14657743022717812,3.6195849290044757,1.7154783215534612,0.5861269384543841,5.07754926230447,-1.3320126899718894,-0.6536546742568794,3.4668502324191777,-1.8610160526328148,0.7582377747335571,5.923482920617524,2.0969623083413196,0.8866499398802258,2.982176718207758,0.7597432849035949,-0.10018636051947427,5.705628107369899,2.2490849347685864,0.23069249782703888,5.500984239755231,-0.49511417983743944,2.4381664286573095,5.611056052504852,1.9490729431942375,0.9615094593254652,5.529097565138682,1.419219295799503,1.2063785485153558,2.138374578459768,0.27106429757024486,0.8883493136202953,4.137996061371681,-2.5419996537866565,1.489042725130468
0.3420094642316208,-0.9394747081533676,-0.020415658601776313,2.7245590379489073,0.9347343241519208,0.337893375783595,0.10999913569577788,-3.616972231591359,-0.09644309010111402,-0.05670396231050207,0.9937219888027222,1.401606738016305,0.0,0.0,0.0,1.0,0.3906102381579094,-0.9155680432530509,-0.09570161973551418,2.4343820712303206,0.9183514189024469,0.3947540384579179,-0.028282866209548407,-3.680874964069676,0.06367348935062227,-0.07684014116947185,0.9950081805990199,0.46085955178075805,0.0,0.0,0.0,1.0,1.4535179676834216,0.3910011083092515,-0.47859380364048465,3.6851618896202956,1.669891702479533,0.04493665432114721,3.299410154885533,-0.24588594929568103,1.2006243775270216,1.6945516187581429,-0.07434129187752059,0.6789370478717061,5.1612040938836365,0.07767408459495306,-0.3689235212667409,3.5290934784888908,0.7476071202459982,1.2913132328371504,3.3371573519471824,0.7844283353712189,-0.14657743022717812,3.6195849290044757,1.7154783215534612,0.5861269384543841,5.07754926230447,-1.3320126899718894,-0.6536546742568794,3.4668502324191777,-1.8610160526328148,0.7582377747335571,5.923482920617524,2.0969623083413196,0.8866499398802258,2.982176718207758,0.7597432849035949,-0.10018636051947427,5.705628107369899,2.2490849347685864,0.23069249782703888,5.500984239755231,-0.49511417983743944,2.4381664286573095,5.611056052504852,1.9490729431942375,0.9615094593254652,5.529097565138682,1.419219295799503,1.2063785485153558,2.138374578459768,0.27106429757024486,0.8883493136202953,4.137996061371681,-2.5419996537866565,1.489042725130468
0.4874963810583829,-0.8671940608050993,-0.10159596133381465,2.053079410735252,0.8695124896451006,0.49275545531123965,-0.033765242664490006,-3.3978365495476415,0.07934298208511562,-0.07187852367275557,0.9942525680270917,0.2662101127893643,0.0,0.0,0.0,1.0,0.5272600130340426,-0.8495631885726821,-0.015468266792328704,1.884897591157232,0.8463289233166406,0.5234577481495005,0.09858671036174198,-3.3950466565435473,-0.07565865590292492,-0.06507207177024156,0.9950082377862463,0.4471224397789308,0.0,0.0,0.0,1.0,1.4535179676834216,0.3910011083092515,-0.47859380364048465,3.6851618896202956,1.669891702479533,0.04493665432114721,3.299410154885533,-0.24588594929568103,1.2006243775270216,1.6945516187581429,-0.07434129187752059,0.6789370478717061,5.1612040938836365,0.07767408459495306,-0.3689235212667409,3.5290934784888908,0.7476071202459982,1.2913132328371504,3.3371573519471824,0.7844283353712189,-0.14657743022717812,3.6195849290044757,1.7154783215534612,0.5861269384543841,5.07754926230447,-1.3320126899718894,-0.6536546742568794,3.4668502324191777,-1.8610160526328148,0.7582377747335571,5.923482920617524,2.0969623083413196,0.8866499398802258,2.982176718207758,0.7597432849035949,-0.10018636051947427,5.705628107369899,2.2490849347685864,0.23069249782703888,5.500984239755231,-0.49511417983743944,2.4381664286573095,5.611056052504852,1.9490729431942375,0.9615094593254652,5.529097565138682,1.419219295799503,1.2063785485153558,2.138374578459768,0.27106429757024486,0.8883493136202953,4.137996061371681,-2.5419996537866565,1.489042725130468
0.6179319665667158,-0.7862047540971403,0.006493791654061839,1.6139550217472882,0.7861822704282572,0.6179646359836459,0.006094779558844576,-3.050637121953265,-0.00880467825999364,0.0013391447476909534,0.9999603413796383,0.791108622982221,0.0,0.0,0.0,1.0,0.6490495933546709,-0.7541964470877469,0.09961096609488171,1.3974994517385655,0.7575601101890719,0.6527377638992389,0.006007581055882581,-3.0375962365493763,-0.06955073555655428,0.07156207640951268,0.9950083237860381,0.4349374862934641,0.0,0.0,0.0,1.0,1.4535179676834216,0.3910011083092515,-0.47859380364048465,3.6851618896202956,1.669891702479533,0.04493665432114721,3.299410154885533,-0.24588594929568103,1.2006243775270216,1.6945516187581429,-0.07434129187752059,0.6789370478717061,5.1612040938836365,0.07767408459495306,-0.3689235212667409,3.5290934784888908,0.7476071202459982,1.2913132328371504,3.3371573519471824,0.7844283353712189,-0.14657743022717812,3.6195849290044757,1.7154783215534612,0.5861269384543841,5.07754926230447,-1.3320126899718894,-0.6536546742568794,3.4668502324191777,-1.8610160526328148,0.7582377747335571,5.923482920617524,2.0969623083413196,0.8866499398802258,2.982176718207758,0.7597432849035949,-0.10018636051947427,5.705628107369899,2.2490849347685864,0.23069249782703888,5.500984239755231,-0.49511417983743944,2.4381664286573095,5.611056052504852,1.9490729431942375,0.9615094593254652,5.529097565138682,1.419219295799503,1.2063785485153558,2.138374578459768,0.27106429757024486,0.8883493136202953,4.137996061371681,-2.5419996537866565,1.489042725130468
0.684205990008304,-0.7290489928748769,0.018701048764281577,1.3114241713967938,0.7253992803832263,0.68297796031197,0.08565623005712052,-2.764142998254599,-0.0752199923973262,-0.045040778370589715,0.9961492262846553,1.0409707265337744,0.0,0.0,0.0,1.0,0.7574185293560357,-0.6529043327035291,-0.005753583674482893,0.9630066724794966,0.649232579729432,0.7540369506813979,-0.0996259726425081,-2.60320408892502,0.06938464387749416,0.07172314371287945,0.9950083225028497,0.4240751668119874,0.0,0.0,0.0,1.0,1.4535179676834216,0.3910011083092515,-0.47859380364048465,3.6851618896202956,1.669891702479533,0.04493665432114721,3.299410154885533,-0.24588594929568103,1.2006243775270216,1.6945516187581429,-0.07434129187752059,0.6789370478717061,5.1612040938836365,0.07767408459495306,-0.3689235212667409,3.5290934784888908,0.7476071202459982,1.2913132328371504,3.3371573519471824,0.7844283353712189,-0.14657743022717812,3.6195849290044757,1.7154783215534612,0.5861269384543841,5.07754926230447,-1.3320126899718894,-0.6536546742568794,3.4668502324191777,-1.8610160526328148,0.7582377747335571,5.923482920617524,2.0969623083413196,0.8866499398802258,2.982176718207758,0.7597432849035949,-0.10018636051947427,5.705628107369899,2.2490849347685864,0.23069249782703888,5.500984239755231,-0.49511417983743944,2.4381664286573095,5.611056052504852,1.9490729431942375,0.9615094593254652,5.529097565138682,1.419219295799503,1.2063785485153558,2.138374578459768,0.27106429757024486,0.8883493136202953,4.137996061371681,-2.5419996537866565,1.489042725130468
0.8146495352666857,-0.5784624104333237,0.04156169396742728,0.8312535399219328,0.5637660223853408,0.8066885391460035,0.177261030162578,-2.1704672061387127,-0.13606618497475614,-0.12097454495122482,0.9832858957496846,1.1551343161655485,0.0,0.0,0.0,1.0,0.8476183158823529,-0.5214460679859194,-0.09816918438485593,0.6001642557013742,0.5253981026918408,0.8506676839837348,0.017925543605779484,-2.1073957653439015,0.07416214848949378,-0.06677192230101527,0.9950082844497574,0.4150041063925344,0.0,0.0,0.0,1.0,1.4535179676834216,0.3910011083092515,-0.47859380364048465,3.6851618896202956,1.669891702479533,0.04493665432114721,3.299410154885533,-0.24588594929568103,1.2006243775270216,1.6945516187581429,-0.07434129187752059,0.6789370478717061,5.1612040938836365,0.07767408459495306,-0.3689235212667409,3.5290934784888908,0.7476071202459982,1.2913132328371504,3.3371573519471824,0.7844283353712189,-0.14657743022717812,3.6195849290044757,1.7154783215534612,0.5861269384543841,5.07754926230447,-1.3320126899718894,-0.6536546742568794,3.4668502324191777,-1.8610160526328148,0.7582377747335571,5.923482920617524,2.0969623083413196,0.8866499398802258,2.982176718207758,0.7597432849035949,-0.10018636051947427,5.705628107369899,2.2490849347685864,0.23069249782703888,5.500984239755231,-0.49511417983743944,2.4381664286573095,5.611056052504852,1.9490729431942375,0.9615094593254652,5.529097565138682,1.419219295799503,1.2063785485153558,2.138374578459768,0.27106429757024486,0.8883493136202953,4.137996061371681,-2.5419996537866565,1.489042725130468
0.8874205830368294,-0.45927702775620594,0.03936140975624292,0.5544177850489589,0.4500495897130573,0.8817194028940362,0.14151417370458946,-1.673868607357202,-0.09969992779176132,-0.10786800422557728,0.9891533844974237,0.973934053949882,0.0,0.0,0.0,1.0,0.9182713704757404,-0.3949576067947548,0.028038883707548826,0.31948778497717045,0.3908273987597801,0.9154678522470382,0.09577346125550099,-1.5664705024569539,-0.06349515369907703,-0.07698766353874484,0.9950081733933523,0.4079871946244293,0.0,0.0,0.0,1.0,1.4535179676834216,0.3910011083092515,-0.47859380364048465,3.6851618896202956,1.669891702479533,0.04493665432114721,3.299410154885533,-0.24588594929568103,1.2006243775270216,1.6945516187581429,-0.07434129187752059,0.6789370478717061,5.1612040938836365,0.07767408459495306,-0.3689235212667409,3.5290934784888908,0.7476071202459982,1.2913132328371504,3.3371573519471824,0.7844283353712189,-0.14657743022717812,3.6195849290044757,1.7154783215534612,0.5861269384543841,5.07754926230447,-1.3320126899718894,-0.6536546742568794,3.4668502324191777,-1.8610160526328148,0.7582377747335571,5.923482920617524,2.0969623083413196,0.8866499398802258,2.982176718207758,0.7597432849035949,-0.10018636051947427,5.705628107369899,2.2490849347685864,0.23069249782703888,5.500984239755231,-0.49511417983743944,2.4381664286573095,5.611056052504852,1.9490729431942375,0.9615094593254652,5.529097565138682,1.419219295799503,1.2063785485153558,2.138374578459768,0.27106429757024486,0.8883493136202953,4.137996061371681,-2.5419996537866565,1.489042725130468
0.9560132517597939,-0.28562540921896307,0.06675917965467441,0.2968262019604754,0.27868800617763845,0.9554688627087762,0.09701673879661427,-1.0424042707315027,-0.09149676317989482,-0.07414430526006577,0.993041270202354,0.9695792889317921,0.0,0.0,0.0,1.0,0.9669308849986123,-0.2384448838407278,0.09049144161732615,0.12055828452689576,0.24292513593448042,0.9691322357687377,-0.04207241287473225,-0.9746445384072617,-0.07766622153172083,0.06266376117078792,0.9950081462324397,0.4030139571131724,0.0,0.0,0.0,1.0,1.4535179676834216,0.3910011083092515,-0.47859380364048465,3.6851618896202956,1.669891702479533,0.04493665432114721,3.299410154885533,-0.24588594929568103,1.2006243775270216,1.6945516187581429,-0.07434129187752059,0.6789370478717061,5.1612040938836365,0.07767408459495306,-0.3689235212667409,3.5290934784888908,0.7476071202459982,1.2913132328371504,3.3371573519471824,0.7844283353712189,-0.14657743022717812,3.6195849290044757,1.7154783215534612,0.5861269384543841,5.07754926230447,-1.3320126899718894,-0.6536546742568794,3.4668502324191777,-1.8610160526328148,0.7582377747335571,5.923482920617524,2.0969623083413196,0.8866499398802258,2.982176718207758,0.7597432849035949,-0.10018636051947427,5.705628107369899,2.2490849347685864,0.23069249782703888,5.500984239755231,-0.49511417983743944,2.4381664286573095,5.611056052504852,1.9490729431942375,0.9615094593254652,5.529097565138682,1.419219295799503,1.2063785485153558,2.138374578459768,0.27106429757024486,0.8883493136202953,4.137996061371681,-2.5419996537866565,1.489042725130468
0.9848695103959481,-0.15608507131436614,0.07529606898925617,0.14998155430793567,0.15328554139126807,0.9873032731600222,0.041662808449412565,-0.5185414301658074,-0.08084299779715881,-0.02949063105964072,0.9962904759089454,0.9355189327448233,0.0,0.0,0.0,1.0,0.9939814031252245,-0.09554271933761269,-0.053596259410374436,0.016601131533104052,0.09084211202105488,0.9923010264700205,-0.08418066019043635,-0.36405144512369225,0.06122647241809785,0.0788052133308309,0.9950080690261351,0.4004150282883276,0.0,0.0,0.0,1.0,1.4535179676834216,0.3910011083092515,-0.47859380364048465,3.6851618896202956,1.669891702479533,0.04493665432114721,3.299410154885533,-0.24588594929568103,1.2006243775270216,1.6945516187581429,-0.07434129187752059,0.6789370478717061,5.1612040938836365,0.07767408459495306,-0.3689235212667409,3.5290934784888908,0.7476071202459982,1.2913132328371504,3.3371573519471824,0.7844283353712189,-0.14657743022717812,3.6195849290044757,1.7154783215534612,0.5861269384543841,5.07754926230447,-1.3320126899718894,-0.6536546742568794,3.4668502324191777,-1.8610160526328148,0.7582377747335571,5.923482920617524,2.0969623083413196,0.8866499398802258,2.982176718207758,0.7597432849035949,-0.10018636051947427,5.705628107369899,2.2490849347685864,0.23069249782703888,5.500984239755231,-0.49511417983743944,2.4381664286573095,5.611056052504852,1.9490729431942375,0.9615094593254652,5.529097565138682,1.419219295799503,1.2063785485153558,2.138374578459768,0.27106429757024486,0.8883493136202953,4.137996061371681,-2.5419996537866565,1.489042725130468
