-0.8256018079147782,-0.5611345764553738,0.05924223049563543,5.862603371231632,0.5631822293124791,-0.8259460890548161,0.025275176788317016,-4.927915991657578,0.03474811296280705,0.05423140309177588,0.9979236060762474,0.5588999485362645,0.0,0.0,0.0,1.0,-0.8196735049518218,-0.5668748617940037,0.08239075400811194,5.844388089170584,0.5640644494789658,-0.8238038737045814,-0.05637796114899449,-4.957386925318315,0.09983307124388782,0.00026217428470860435,0.9950041653936215,0.5309267578419588,0.0,0.0,0.0,1.0,3.426839469781735,-3.811424337583625,0.9330380654453895,3.629666743744533,-1.2107354154166445,0.1485147271547973,1.4197607622163022,-1.894971641101876,0.9175966195007397,0.7232851147553729,-3.6985656726460987,0.275520085459476,2.900974872190597,-4.366862626852932,0.7160510194296963,1.6650730042960475,-1.3390683409221877,0.36438946713682624,0.3747249996380373,-4.328966473991882,-0.14617482968434214,1.1017619996398729,-3.979269430659646,1.4313219267732165,2.243482168752566,-2.675310709490119,0.675213286665153,1.2740868410314898,-3.757401812978266,0.15552564317341683,2.7973501131048,-0.6674221959835223,0.0187622060658586,1.8766870955486366,-4.213883479494848,0.35947533256521075,4.842241383744584,-2.828753245979676,0.37639753137658916,1.1512006592484794,-1.6525857651732991,0.41741088323219994,4.350918349660435,-3.155498747663553,0.6351333886148562,4.956992200230865,-4.229437652561521,0.5490324138809154,4.120733596416022,-2.6495093186059275,0.6904246159256373,2.2460440879780372,-1.263451756428781,0.9066838468771663,1.4503439159647349,-1.5930433634008891,1.1058947531497196,2.09660455113306,-1.4709976861061844,0.004609924841413024,2.884008551890783,-0.8403999863219722,0.724226506763137,2.5168548356385765,-1.151590296118485,0.019347922403473827,2.6217940670231514,-1.9013386154667384,0.641996836854965,0.8628788957515294,-2.034002732775783,-0.002031212753102295,2.3948124750189255,-4.0040937191396875,0.45948228231374166,2.1323097874205192,-1.200699184554841,-0.22028979239616375,1.2116166916898206,-4.203580611298968,1.73338599206446,3.638851162531841,-2.9807471615797207,0.5711248982153925
-0.7827199244310051,-0.6211538244091951,0.03895441336425253,5.703198369356752,0.6217973698643589,-0.7831552593691216,0.005989202972776134,-5.08356922874833,0.026787137370150392,0.028909620272754486,0.9992230397299685,0.5805855280857102,0.0,0.0,0.0,1.0,-0.7822130712092692,-0.62269921039558,-0.019707983206905675,5.670335594358903,0.6213396481243503,-0.7774086414612117,-0.09784092114315733,-5.121142486161547,0.04560430788939937,-0.08877779876835241,0.9950069092965007,0.5203030412080604,0.0,0.0,0.0,1.0,3.426839469781735,-3.811424337583625,0.9330380654453895,3.629666743744533,-1.2107354154166445,0.1485147271547973,1.4197607622163022,-1.894971641101876,0.9175966195007397,0.7232851147553729,-3.6985656726460987,0.275520085459476,2.900974872190597,-4.366862626852932,0.7160510194296963,1.6650730042960475,-1.3390683409221877,0.36438946713682624,0.3747249996380373,-4.328966473991882,-0.14617482968434214,1.1017619996398729,-3.979269430659646,1.4313219267732165,2.243482168752566,-2.675310709490119,0.675213286665153,1.2740868410314898,-3.757401812978266,0.15552564317341683,2.7973501131048,-0.6674221959835223,0.0187622060658586,1.8766870955486366,-4.213883479494848,0.35947533256521075,4.842241383744584,-2.828753245979676,0.37639753137658916,1.1512006592484794,-1.6525857651732991,0.41741088323219994,4.350918349660435,-3.155498747663553,0.6351333886148562,4.956992200230865,-4.229437652561521,0.5490324138809154,4.120733596416022,-2.6495093186059275,0.6904246159256373,2.2460440879780372,-1.263451756428781,0.9066838468771663,1.4503439159647349,-1.5930433634008891,1.1058947531497196,2.09660455113306,-1.4709976861061844,0.004609924841413024,2.884008551890783,-0.8403999863219722,0.724226506763137,2.5168548356385765,-1.151590296118485,0.019347922403473827,2.6217940670231514,-1.9013386154667384,0.641996836854965,0.8628788957515294,-2.034002732775783,-0.002031212753102295,2.3948124750189255,-4.0040937191396875,0.45948228231374166,2.1323097874205192,-1.200699184554841,-0.22028979239616375,1.2116166916898206,-4.203580611298968,1.73338599206446,3.638851162531841,-2.9807471615797207,0.5711248982153925
-0.7473970816217891,-0.6643773242487881,0.0006110705792140098,5.498349397477747,0.6642039092086252,-0.747222395291635,-0.022177893646858928,-5.173712833270306,0.01519109526046687,-0.016169817520664452,0.9997538535190228,0.6295285070588774,0.0,0.0,0.0,1.0,-0.7399776329784935,-0.6655130942182677,-0.09759827926543162,5.453606778121827,0.6700778040214184,-0.7419985978318241,-0.020828283017104647,-5.221833969762334,-0.058556291287781934,-0.0808109042124528,0.9950079188182305,0.5094340348578613,0.0,0.0,0.0,1.0,3.426839469781735,-3.811424337583625,0.9330380654453895,3.629666743744533,-1.2107354154166445,0.1485147271547973,1.4197607622163022,-1.894971641101876,0.9175966195007397,0.7232851147553729,-3.6985656726460987,0.275520085459476,2.900974872190597,-4.366862626852932,0.7160510194296963,1.6650730042960475,-1.3390683409221877,0.36438946713682624,0.3747249996380373,-4.328966473991882,-0.14617482968434214,1.1017619996398729,-3.979269430659646,1.4313219267732165,2.243482168752566,-2.675310709490119,0.675213286665153,1.2740868410314898,-3.757401812978266,0.15552564317341683,2.7973501131048,-0.6674221959835223,0.0187622060658586,1.8766870955486366,-4.213883479494848,0.35947533256521075,4.842241383744584,-2.828753245979676,0.37639753137658916,1.1512006592484794,-1.6525857651732991,0.41741088323219994,4.350918349660435,-3.155498747663553,0.6351333886148562,4.956992200230865,-4.229437652561521,0.5490324138809154,4.120733596416022,-2.6495093186059275,0.6904246159256373,2.2460440879780372,-1.263451756428781,0.9066838468771663,1.4503439159647349,-1.5930433634008891,1.1058947531497196,2.09660455113306,-1.4709976861061844,0.004609924841413024,2.884008551890783,-0.8403999863219722,0.724226506763137,2.5168548356385765,-1.151590296118485,0.019347922403473827,2.6217940670231514,-1.9013386154667384,0.641996836854965,0.8628788957515294,-2.034002732775783,-0.002031212753102295,2.3948124750189255,-4.0040937191396875,0.45948228231374166,2.1323097874205192,-1.200699184554841,-0.22028979239616375,1.2116166916898206,-4.203580611298968,1.73338599206446,3.638851162531841,-2.9807471615797207,0.5711248982153925
-0.6973928338189688,-0.7162606251866395,0.024778057736496845,5.208662770417664,0.7166810918152647,-0.6968049303890789,0.028828833135438568,-5.232872929309326,-0.0033834852487343117,0.037862987107671976,0.9992772119061134,0.5573433407185429,0.0,0.0,0.0,1.0,-0.6928441091868152,-0.7187834973060234,-0.05759621832769374,5.182388980384939,0.714308613029822,-0.6950644492030594,0.08153905080058557,-5.25,-0.09864200786957597,0.015352376186452424,0.9950045521649075,0.4984510519013923,0.0,0.0,0.0,1.0,3.426839469781735,-3.811424337583625,0.9330380654453895,3.629666743744533,-1.2107354154166445,0.1485147271547973,1.4197607622163022,-1.894971641101876,0.9175966195007397,0.7232851147553729,-3.6985656726460987,0.275520085459476,2.900974872190597,-4.366862626852932,0.7160510194296963,1.6650730042960475,-1.3390683409221877,0.36438946713682624,0.3747249996380373,-4.328966473991882,-0.14617482968434214,1.1017619996398729,-3.979269430659646,1.4313219267732165,2.243482168752566,-2.675310709490119,0.675213286665153,1.2740868410314898,-3.757401812978266,0.15552564317341683,2.7973501131048,-0.6674221959835223,0.0187622060658586,1.8766870955486366,-4.213883479494848,0.35947533256521075,4.842241383744584,-2.828753245979676,0.37639753137658916,1.1512006592484794,-1.6525857651732991,0.41741088323219994,4.350918349660435,-3.155498747663553,0.6351333886148562,4.956992200230865,-4.229437652561521,0.5490324138809154,4.120733596416022,-2.6495093186059275,0.6904246159256373,2.2460440879780372,-1.263451756428781,0.9066838468771663,1.4503439159647349,-1.5930433634008891,1.1058947531497196,2.09660455113306,-1.4709976861061844,0.004609924841413024,2.884008551890783,-0.8403999863219722,0.724226506763137,2.5168548356385765,-1.151590296118485,0.019347922403473827,2.6217940670231514,-1.9013386154667384,0.641996836854965,0.8628788957515294,-2.034002732775783,-0.002031212753102295,2.3948124750189255,-4.0040937191396875,0.45948228231374166,2.1323097874205192,-1.200699184554841,-0.22028979239616375,1.2116166916898206,-4.203580611298968,1.73338599206446,3.638851162531841,-2.9807471615797207,0.5711248982153925
-0.6019587510201055,-0.7963085719069658,0.0594837824772795,4.71098785645243,0.7984196450634007,-0.5989829505865162,0.061200451660947876,-5.251168506908203,-0.013104672721903257,0.08433316793622851,0.9963514361603,0.5593603658867649,0.0,0.0,0.0,1.0,-0.6030803013251463,-0.7956409868090059,0.057005002088956605,4.702388980384949,0.7970744016885888,-0.5982960397488595,0.0819405088683805,-5.25,-0.031089360339972158,0.09485393471239059,0.9950056194530909,0.4874867824487662,0.0,0.0,0.0,1.0,3.426839469781735,-3.811424337583625,0.9330380654453895,3.629666743744533,-1.2107354154166445,0.1485147271547973,1.4197607622163022,-1.894971641101876,0.9175966195007397,0.7232851147553729,-3.6985656726460987,0.275520085459476,2.900974872190597,-4.366862626852932,0.7160510194296963,1.6650730042960475,-1.3390683409221877,0.36438946713682624,0.3747249996380373,-4.328966473991882,-0.14617482968434214,1.1017619996398729,-3.979269430659646,1.4313219267732165,2.243482168752566,-2.675310709490119,0.675213286665153,1.2740868410314898,-3.757401812978266,0.15552564317341683,2.7973501131048,-0.6674221959835223,0.0187622060658586,1.8766870955486366,-4.213883479494848,0.35947533256521075,4.842241383744584,-2.828753245979676,0.37639753137658916,1.1512006592484794,-1.6525857651732991,0.41741088323219994,4.350918349660435,-3.155498747663553,0.6351333886148562,4.956992200230865,-4.229437652561521,0.5490324138809154,4.120733596416022,-2.6495093186059275,0.6904246159256373,2.2460440879780372,-1.263451756428781,0.9066838468771663,1.4503439159647349,-1.5930433634008891,1.1058947531497196,2.09660455113306,-1.4709976861061844,0.004609924841413024,2.884008551890783,-0.8403999863219722,0.724226506763137,2.5168548356385765,-1.151590296118485,0.019347922403473827,2.6217940670231514,-1.9013386154667384,0.641996836854965,0.8628788957515294,-2.034002732775783,-0.002031212753102295,2.3948124750189255,-4.0040937191396875,0.45948228231374166,2.1323097874205192,-1.200699184554841,-0.22028979239616375,1.2116166916898206,-4.203580611298968,1.73338599206446,3.638851162531841,-2.9807471615797207,0.5711248982153925
-0.48210411815161036,-0.8748120138121016,0.047744735325196165,4.235435076758529,0.8759930354304748,-0.4804159857947001,0.042856533576682,-5.24234415810739,-0.014554076355461965,0.06248536695036432,0.9979397565878003,0.6161723574024685,0.0,0.0,0.0,1.0,-0.4761930485903876,-0.8741091503923984,0.09577773057695878,4.2223889803849595,0.8765085226725048,-0.4805702400186648,-0.02801881672851777,-5.25,0.07051943105737705,0.07060763137708709,0.9950083277212615,0.47667369052425995,0.0,0.0,0.0,1.0,3.426839469781735,-3.811424337583625,0.9330380654453895,3.629666743744533,-1.2107354154166445,0.1485147271547973,1.4197607622163022,-1.894971641101876,0.9175966195007397,0.7232851147553729,-3.6985656726460987,0.275520085459476,2.900974872190597,-4.366862626852932,0.7160510194296963,1.6650730042960475,-1.3390683409221877,0.36438946713682624,0.3747249996380373,-4.328966473991882,-0.14617482968434214,1.1017619996398729,-3.979269430659646,1.4313219267732165,2.243482168752566,-2.675310709490119,0.675213286665153,1.2740868410314898,-3.757401812978266,0.15552564317341683,2.7973501131048,-0.6674221959835223,0.0187622060658586,1.8766870955486366,-4.213883479494848,0.35947533256521075,4.842241383744584,-2.828753245979676,0.37639753137658916,1.1512006592484794,-1.6525857651732991,0.41741088323219994,4.350918349660435,-3.155498747663553,0.6351333886148562,4.956992200230865,-4.229437652561521,0.5490324138809154,4.120733596416022,-2.6495093186059275,0.6904246159256373,2.2460440879780372,-1.263451756428781,0.9066838468771663,1.4503439159647349,-1.5930433634008891,1.1058947531497196,2.09660455113306,-1.4709976861061844,0.004609924841413024,2.884008551890783,-0.8403999863219722,0.724226506763137,2.5168548356385765,-1.151590296118485,0.019347922403473827,2.6217940670231514,-1.9013386154667384,0.641996836854965,0.8628788957515294,-2.034002732775783,-0.002031212753102295,2.3948124750189255,-4.0040937191396875,0.45948228231374166,2.1323097874205192,-1.200699184554841,-0.22028979239616375,1.2116166916898206,-4.203580611298968,1.73338599206446,3.638851162531841,-2.9807471615797207,0.5711248982153925
-0.3183300308605221,-0.947930615936881,0.009671547025393605,3.7855130488703006,0.9479781222861658,-0.31833289961596856,0.0012824542427692612,-5.227710307878921,0.0018630939681066132,0.009576658687412925,0.9999524071120839,0.6205299245514204,0.0,0.0,0.0,1.0,-0.3119176143748007,-0.9501089803123712,0.0005721647663100571,3.7423889803849697,0.9453462415072087,-0.3104141341907767,-0.09981757842577278,-5.25,0.0950151856859097,-0.03059396712388253,0.9950055897655524,0.46614241371183535,0.0,0.0,0.0,1.0,3.426839469781735,-3.811424337583625,0.9330380654453895,3.629666743744533,-1.2107354154166445,0.1485147271547973,1.4197607622163022,-1.894971641101876,0.9175966195007397,0.7232851147553729,-3.6985656726460987,0.275520085459476,2.900974872190597,-4.366862626852932,0.7160510194296963,1.6650730042960475,-1.3390683409221877,0.36438946713682624,0.3747249996380373,-4.328966473991882,-0.14617482968434214,1.1017619996398729,-3.979269430659646,1.4313219267732165,2.243482168752566,-2.675310709490119,0.675213286665153,1.2740868410314898,-3.757401812978266,0.15552564317341683,2.7973501131048,-0.6674221959835223,0.0187622060658586,1.8766870955486366,-4.213883479494848,0.35947533256521075,4.842241383744584,-2.828753245979676,0.37639753137658916,1.1512006592484794,-1.6525857651732991,0.41741088323219994,4.350918349660435,-3.155498747663553,0.6351333886148562,4.956992200230865,-4.229437652561521,0.5490324138809154,4.120733596416022,-2.6495093186059275,0.6904246159256373,2.2460440879780372,-1.263451756428781,0.9066838468771663,1.4503439159647349,-1.5930433634008891,1.1058947531497196,2.09660455113306,-1.4709976861061844,0.004609924841413024,2.884008551890783,-0.8403999863219722,0.724226506763137,2.5168548356385765,-1.151590296118485,0.019347922403473827,2.6217940670231514,-1.9013386154667384,0.641996836854965,0.8628788957515294,-2.034002732775783,-0.002031212753102295,2.3948124750189255,-4.0040937191396875,0.45948228231374166,2.1323097874205192,-1.200699184554841,-0.22028979239616375,1.2116166916898206,-4.203580611298968,1.73338599206446,3.638851162531841,-2.9807471615797207,0.5711248982153925
-0.12157451528308333,-0.9905912435564318,-0.06283808895093078,3.3209629483468497,0.9925367194269433,-0.12193181997824665,0.0018686535239706454,-5.2263591321031395,-0.00951303436782816,-0.06214193001600664,0.9980219850839974,0.6175403951100674,0.0,0.0,0.0,1.0,-0.11581789244256357,-0.9886107237192896,-0.09609918177271318,3.26238898038498,0.9931448249595964,-0.1137211707043847,-0.02703427434935938,-5.25,0.01579786207481959,-0.09857145773927856,0.9950045704784569,0.4560201848666656,0.0,0.0,0.0,1.0,3.426839469781735,-3.811424337583625,0.9330380654453895,3.629666743744533,-1.2107354154166445,0.1485147271547973,1.4197607622163022,-1.894971641101876,0.9175966195007397,0.7232851147553729,-3.6985656726460987,0.275520085459476,2.900974872190597,-4.366862626852932,0.7160510194296963,1.6650730042960475,-1.3390683409221877,0.36438946713682624,0.3747249996380373,-4.328966473991882,-0.14617482968434214,1.1017619996398729,-3.979269430659646,1.4313219267732165,2.243482168752566,-2.675310709490119,0.675213286665153,1.2740868410314898,-3.757401812978266,0.15552564317341683,2.7973501131048,-0.6674221959835223,0.0187622060658586,1.8766870955486366,-4.213883479494848,0.35947533256521075,4.842241383744584,-2.828753245979676,0.37639753137658916,1.1512006592484794,-1.6525857651732991,0.41741088323219994,4.350918349660435,-3.155498747663553,0.6351333886148562,4.956992200230865,-4.229437652561521,0.5490324138809154,4.120733596416022,-2.6495093186059275,0.6904246159256373,2.2460440879780372,-1.263451756428781,0.9066838468771663,1.4503439159647349,-1.5930433634008891,1.1058947531497196,2.09660455113306,-1.4709976861061844,0.004609924841413024,2.884008551890783,-0.8403999863219722,0.724226506763137,2.5168548356385765,-1.151590296118485,0.019347922403473827,2.6217940670231514,-1.9013386154667384,0.641996836854965,0.8628788957515294,-2.034002732775783,-0.002031212753102295,2.3948124750189255,-4.0040937191396875,0.45948228231374166,2.1323097874205192,-1.200699184554841,-0.22028979239616375,1.2116166916898206,-4.203580611298968,1.73338599206446,3.638851162531841,-2.9807471615797207,0.5711248982153925
0.08537710225313806,-0.9963479155172339,-0.001257638787347671,2.828990028744604,0.9959372479112031,0.08530550398210646,0.028843876532427,-5.242534924526516,-0.02863125274793797,-0.003715135908823323,0.9995831376785338,0.6063961282779826,0.0,0.0,0.0,1.0,0.09595260078852752,-0.9940873462240558,-0.05082761532013793,2.78238898038496,0.9921067056075912,0.09137027019569488,0.08588223572321743,-5.25,-0.08073031085267815,-0.05866704186832808,0.9950079372085682,0.4464292949606454,0.0,0.0,0.0,1.0,3.426839469781735,-3.811424337583625,0.9330380654453895,3.629666743744533,-1.2107354154166445,0.1485147271547973,1.4197607622163022,-1.894971641101876,0.9175966195007397,0.7232851147553729,-3.6985656726460987,0.275520085459476,2.900974872190597,-4.366862626852932,0.7160510194296963,1.6650730042960475,-1.3390683409221877,0.36438946713682624,0.3747249996380373,-4.328966473991882,-0.14617482968434214,1.1017619996398729,-3.979269430659646,1.4313219267732165,2.243482168752566,-2.675310709490119,0.675213286665153,1.2740868410314898,-3.757401812978266,0.15552564317341683,2.7973501131048,-0.6674221959835223,0.0187622060658586,1.8766870955486366,-4.213883479494848,0.35947533256521075,4.842241383744584,-2.828753245979676,0.37639753137658916,1.1512006592484794,-1.6525857651732991,0.41741088323219994,4.350918349660435,-3.155498747663553,0.6351333886148562,4.956992200230865,-4.229437652561521,0.5490324138809154,4.120733596416022,-2.6495093186059275,0.6904246159256373,2.2460440879780372,-1.263451756428781,0.9066838468771663,1.4503439159647349,-1.5930433634008891,1.1058947531497196,2.09660455113306,-1.4709976861061844,0.004609924841413024,2.884008551890783,-0.8403999863219722,0.724226506763137,2.5168548356385765,-1.151590296118485,0.019347922403473827,2.6217940670231514,-1.9013386154667384,0.641996836854965,0.8628788957515294,-2.034002732775783,-0.002031212753102295,2.3948124750189255,-4.0040937191396875,0.45948228231374166,2.1323097874205192,-1.200699184554841,-0.22028979239616375,1.2116166916898206,-4.203580611298968,1.73338599206446,3.638851162531841,-2.9807471615797207,0.5711248982153925
0.2991490548930691,-0.9516278351901596,0.07010211300577134,2.301108390121052,0.9529760290604115,0.30168555537632047,0.028679499882848566,-5.23114659159404,-0.048441005283051355,0.0582261879962241,0.9971274642885912,0.6113624372605586,0.0,0.0,0.0,1.0,0.29496550801196453,-0.9529710202724473,0.0695814889473805,2.302388980384885,0.9513502143258592,0.29968824440405006,0.07155225969988613,-5.25,-0.08903998419465986,0.04509091579142193,0.9950068796383801,0.4374856156329051,0.0,0.0,0.0,1.0,3.426839469781735,-3.811424337583625,0.9330380654453895,3.629666743744533,-1.2107354154166445,0.1485147271547973,1.4197607622163022,-1.894971641101876,0.9175966195007397,0.7232851147553729,-3.6985656726460987,0.275520085459476,2.900974872190597,-4.366862626852932,0.7160510194296963,1.6650730042960475,-1.3390683409221877,0.36438946713682624,0.3747249996380373,-4.328966473991882,-0.14617482968434214,1.1017619996398729,-3.979269430659646,1.4313219267732165,2.243482168752566,-2.675310709490119,0.675213286665153,1.2740868410314898,-3.757401812978266,0.15552564317341683,2.7973501131048,-0.6674221959835223,0.0187622060658586,1.8766870955486366,-4.213883479494848,0.35947533256521075,4.842241383744584,-2.828753245979676,0.37639753137658916,1.1512006592484794,-1.6525857651732991,0.41741088323219994,4.350918349660435,-3.155498747663553,0.6351333886148562,4.956992200230865,-4.229437652561521,0.5490324138809154,4.120733596416022,-2.6495093186059275,0.6904246159256373,2.2460440879780372,-1.263451756428781,0.9066838468771663,1.4503439159647349,-1.5930433634008891,1.1058947531497196,2.09660455113306,-1.4709976861061844,0.004609924841413024,2.884008551890783,-0.8403999863219722,0.724226506763137,2.5168548356385765,-1.151590296118485,0.019347922403473827,2.6217940670231514,-1.9013386154667384,0.641996836854965,0.8628788957515294,-2.034002732775783,-0.002031212753102295,2.3948124750189255,-4.0040937191396875,0.45948228231374166,2.1323097874205192,-1.200699184554841,-0.22028979239616375,1.2116166916898206,-4.203580611298968,1.73338599206446,3.638851162531841,-2.9807471615797207,0.5711248982153925
0.4715604639739335,-0.8753411531125193,0.10681102229795301,1.8059297037172812,0.8810480415442479,0.4727833734945631,-0.015173339716308748,-5.2063398913202015,-0.03721662676458748,0.1012607891276071,0.9941635555971262,0.723825299887616,0.0,0.0,0.0,1.0,0.4637102071838398,-0.8815555347610453,0.08850244564806035,1.82238898038481,0.8859869250413228,0.46140344656628507,-0.046195542561752394,-5.25,-0.00011139722495810689,0.09983335429064188,0.9950041652986873,0.42929719929502835,0.0,0.0,0.0,1.0,3.426839469781735,-3.811424337583625,0.9330380654453895,3.629666743744533,-1.2107354154166445,0.1485147271547973,1.4197607622163022,-1.894971641101876,0.9175966195007397,0.7232851147553729,-3.6985656726460987,0.275520085459476,2.900974872190597,-4.366862626852932,0.7160510194296963,1.6650730042960475,-1.3390683409221877,0.36438946713682624,0.3747249996380373,-4.328966473991882,-0.14617482968434214,1.1017619996398729,-3.979269430659646,1.4313219267732165,2.243482168752566,-2.675310709490119,0.675213286665153,1.2740868410314898,-3.757401812978266,0.15552564317341683,2.7973501131048,-0.6674221959835223,0.0187622060658586,1.8766870955486366,-4.213883479494848,0.35947533256521075,4.842241383744584,-2.828753245979676,0.37639753137658916,1.1512006592484794,-1.6525857651732991,0.41741088323219994,4.350918349660435,-3.155498747663553,0.6351333886148562,4.956992200230865,-4.229437652561521,0.5490324138809154,4.120733596416022,-2.6495093186059275,0.6904246159256373,2.2460440879780372,-1.263451756428781,0.9066838468771663,1.4503439159647349,-1.5930433634008891,1.1058947531497196,2.09660455113306,-1.4709976861061844,0.004609924841413024,2.884008551890783,-0.8403999863219722,0.724226506763137,2.5168548356385765,-1.151590296118485,0.019347922403473827,2.6217940670231514,-1.9013386154667384,0.641996836854965,0.8628788957515294,-2.034002732775783,-0.002031212753102295,2.3948124750189255,-4.0040937191396875,0.45948228231374166,2.1323097874205192,-1.200699184554841,-0.22028979239616375,1.2116166916898206,-4.203580611298968,1.73338599206446,3.638851162531841,-2.9807471615797207,0.5711248982153925
0.5797920601710693,-0.810970461676202,0.07853710747968418,1.3586575404852823,0.8016464477946628,0.5850282405317613,0.12290211763233384,-5.239612027991228,-0.14561641288257002,-0.008298678750281471,0.9893063187052906,0.938264443378882,0.0,0.0,0.0,1.0,0.5907826819430109,-0.806670257365633,-0.01609094770007803,1.3423889803847349,0.8019137292416765,0.589263960453791,-0.09850053687173685,-5.25,0.08893926899817979,0.04528885946870878,0.9950068972816686,0.42196297370369384,0.0,0.0,0.0,1.0,3.426839469781735,-3.811424337583625,0.9330380654453895,3.629666743744533,-1.2107354154166445,0.1485147271547973,1.4197607622163022,-1.894971641101876,0.9175966195007397,0.7232851147553729,-3.6985656726460987,0.275520085459476,2.900974872190597,-4.366862626852932,0.7160510194296963,1.6650730042960475,-1.3390683409221877,0.36438946713682624,0.3747249996380373,-4.328966473991882,-0.14617482968434214,1.1017619996398729,-3.979269430659646,1.4313219267732165,2.243482168752566,-2.675310709490119,0.675213286665153,1.2740868410314898,-3.757401812978266,0.15552564317341683,2.7973501131048,-0.6674221959835223,0.0187622060658586,1.8766870955486366,-4.213883479494848,0.35947533256521075,4.842241383744584,-2.828753245979676,0.37639753137658916,1.1512006592484794,-1.6525857651732991,0.41741088323219994,4.350918349660435,-3.155498747663553,0.6351333886148562,4.956992200230865,-4.229437652561521,0.5490324138809154,4.120733596416022,-2.6495093186059275,0.6904246159256373,2.2460440879780372,-1.263451756428781,0.9066838468771663,1.4503439159647349,-1.5930433634008891,1.1058947531497196,2.09660455113306,-1.4709976861061844,0.004609924841413024,2.884008551890783,-0.8403999863219722,0.724226506763137,2.5168548356385765,-1.151590296118485,0.019347922403473827,2.6217940670231514,-1.9013386154667384,0.641996836854965,0.8628788957515294,-2.034002732775783,-0.002031212753102295,2.3948124750189255,-4.0040937191396875,0.45948228231374166,2.1323097874205192,-1.200699184554841,-0.22028979239616375,1.2116166916898206,-4.203580611298968,1.73338599206446,3.638851162531841,-2.9807471615797207,0.5711248982153925
0.6904550972320177,-0.7219504121676799,0.04538018375065417,0.8723181314075692,0.7210153209537264,0.691910270912429,0.037377586276852184,-5.244811203092706,-0.05838377905137763,0.0069122627848346736,0.998270281520427,0.5369578294580343,0.0,0.0,0.0,1.0,0.6865128213867802,-0.7204642383741349,-0.09813983541631265,0.8623889803846598,0.7226075436298105,0.6910213735001833,-0.018105227289699904,-5.25,0.08086089265432654,-0.058487114733914755,0.9950079263248346,0.4155715467721767,0.0,0.0,0.0,1.0,3.426839469781735,-3.811424337583625,0.9330380654453895,3.629666743744533,-1.2107354154166445,0.1485147271547973,1.4197607622163022,-1.894971641101876,0.9175966195007397,0.7232851147553729,-3.6985656726460987,0.275520085459476,2.900974872190597,-4.366862626852932,0.7160510194296963,1.6650730042960475,-1.3390683409221877,0.36438946713682624,0.3747249996380373,-4.328966473991882,-0.14617482968434214,1.1017619996398729,-3.979269430659646,1.4313219267732165,2.243482168752566,-2.675310709490119,0.675213286665153,1.2740868410314898,-3.757401812978266,0.15552564317341683,2.7973501131048,-0.6674221959835223,0.0187622060658586,1.8766870955486366,-4.213883479494848,0.35947533256521075,4.842241383744584,-2.828753245979676,0.37639753137658916,1.1512006592484794,-1.6525857651732991,0.41741088323219994,4.350918349660435,-3.155498747663553,0.6351333886148562,4.956992200230865,-4.229437652561521,0.5490324138809154,4.120733596416022,-2.6495093186059275,0.6904246159256373,2.2460440879780372,-1.263451756428781,0.9066838468771663,1.4503439159647349,-1.5930433634008891,1.1058947531497196,2.09660455113306,-1.4709976861061844,0.004609924841413024,2.884008551890783,-0.8403999863219722,0.724226506763137,2.5168548356385765,-1.151590296118485,0.019347922403473827,2.6217940670231514,-1.9013386154667384,0.641996836854965,0.8628788957515294,-2.034002732775783,-0.002031212753102295,2.3948124750189255,-4.0040937191396875,0.45948228231374166,2.1323097874205192,-1.200699184554841,-0.22028979239616375,1.2116166916898206,-4.203580611298968,1.73338599206446,3.638851162531841,-2.9807471615797207,0.5711248982153925
0.7318389476728077,-0.6811677226882015,0.020549652963658457,0.6073487714031311,0.679748608673504,0.7317968689820911,0.04914439494432186,-5.246517274321953,-0.04851374728458708,-0.02199718426929918,0.9985802622767135,0.4519042976073876,0.0,0.0,0.0,1.0,0.7373239823243934,-0.6732819176246352,-0.05517974709068138,0.5680289047705264,0.6753596638581412,0.732781142255919,0.08319328090374424,-5.22758952748166,-0.01557785359785564,-0.09860657662552043,0.9950045595490903,0.41020013606028594,0.0,0.0,0.0,1.0,3.426839469781735,-3.811424337583625,0.9330380654453895,3.629666743744533,-1.2107354154166445,0.1485147271547973,1.4197607622163022,-1.894971641101876,0.9175966195007397,0.7232851147553729,-3.6985656726460987,0.275520085459476,2.900974872190597,-4.366862626852932,0.7160510194296963,1.6650730042960475,-1.3390683409221877,0.36438946713682624,0.3747249996380373,-4.328966473991882,-0.14617482968434214,1.1017619996398729,-3.979269430659646,1.4313219267732165,2.243482168752566,-2.675310709490119,0.675213286665153,1.2740868410314898,-3.757401812978266,0.15552564317341683,2.7973501131048,-0.6674221959835223,0.0187622060658586,1.8766870955486366,-4.213883479494848,0.35947533256521075,4.842241383744584,-2.828753245979676,0.37639753137658916,1.1512006592484794,-1.6525857651732991,0.41741088323219994,4.350918349660435,-3.155498747663553,0.6351333886148562,4.956992200230865,-4.229437652561521,0.5490324138809154,4.120733596416022,-2.6495093186059275,0.6904246159256373,2.2460440879780372,-1.263451756428781,0.9066838468771663,1.4503439159647349,-1.5930433634008891,1.1058947531497196,2.09660455113306,-1.4709976861061844,0.004609924841413024,2.884008551890783,-0.8403999863219722,0.724226506763137,2.5168548356385765,-1.151590296118485,0.019347922403473827,2.6217940670231514,-1.9013386154667384,0.641996836854965,0.8628788957515294,-2.034002732775783,-0.002031212753102295,2.3948124750189255,-4.0040937191396875,0.45948228231374166,2.1323097874205192,-1.200699184554841,-0.22028979239616375,1.2116166916898206,-4.203580611298968,1.73338599206446,3.638851162531841,-2.9807471615797207,0.5711248982153925
0.7759634210828936,-0.6274887426855955,0.0643323164838791,0.3427566935934312,0.6261188395821529,0.7785886531990295,0.04212965499525484,-5.110982841479032,-0.07652429589110757,0.007588604125358248,0.9970388383738108,0.5825085919454136,0.0,0.0,0.0,1.0,0.7756080892161994,-0.6288539256449773,0.054542021811601886,0.34839125614068717,0.6240330129798967,0.7769129871451321,0.08360029375821415,-5.133411727753556,-0.09494677800551285,-0.030805041894612264,0.9950056073913569,0.4059136358760295,0.0,0.0,0.0,1.0,3.426839469781735,-3.811424337583625,0.9330380654453895,3.629666743744533,-1.2107354154166445,0.1485147271547973,1.4197607622163022,-1.894971641101876,0.9175966195007397,0.7232851147553729,-3.6985656726460987,0.275520085459476,2.900974872190597,-4.366862626852932,0.7160510194296963,1.6650730042960475,-1.3390683409221877,0.36438946713682624,0.3747249996380373,-4.328966473991882,-0.14617482968434214,1.1017619996398729,-3.979269430659646,1.4313219267732165,2.243482168752566,-2.675310709490119,0.675213286665153,1.2740868410314898,-3.757401812978266,0.15552564317341683,2.7973501131048,-0.6674221959835223,0.0187622060658586,1.8766870955486366,-4.213883479494848,0.35947533256521075,4.842241383744584,-2.828753245979676,0.37639753137658916,1.1512006592484794,-1.6525857651732991,0.41741088323219994,4.350918349660435,-3.155498747663553,0.6351333886148562,4.956992200230865,-4.229437652561521,0.5490324138809154,4.120733596416022,-2.6495093186059275,0.6904246159256373,2.2460440879780372,-1.263451756428781,0.9066838468771663,1.4503439159647349,-1.5930433634008891,1.1058947531497196,2.09660455113306,-1.4709976861061844,0.004609924841413024,2.884008551890783,-0.8403999863219722,0.724226506763137,2.5168548356385765,-1.151590296118485,0.019347922403473827,2.6217940670231514,-1.9013386154667384,0.641996836854965,0.8628788957515294,-2.034002732775783,-0.002031212753102295,2.3948124750189255,-4.0040937191396875,0.45948228231374166,2.1323097874205192,-1.200699184554841,-0.22028979239616375,1.2116166916898206,-4.203580611298968,1.73338599206446,3.638851162531841,-2.9807471615797207,0.5711248982153925
0.8226052840803038,-0.5616807483787529,0.08851713678066452,0.1511074553284466,0.5633123345704086,0.8262081667332878,0.007699282048054926,-4.934224675436557,-0.07745811980676319,0.04352932487304955,0.9960448973575932,0.601054170055503,0.0,0.0,0.0,1.0,0.8180520796454344,-0.5666934100758665,0.09823122703278088,0.16952860746376852,0.5707850729507677,0.8209112904619409,-0.01757992288656573,-4.974924164943255,-0.07067669689768134,0.07045021056531073,0.9950083277776808,0.40276383325975007,0.0,0.0,0.0,1.0,3.426839469781735,-3.811424337583625,0.9330380654453895,3.629666743744533,-1.2107354154166445,0.1485147271547973,1.4197607622163022,-1.894971641101876,0.9175966195007397,0.7232851147553729,-3.6985656726460987,0.275520085459476,2.900974872190597,-4.366862626852932,0.7160510194296963,1.6650730042960475,-1.3390683409221877,0.36438946713682624,0.3747249996380373,-4.328966473991882,-0.14617482968434214,1.1017619996398729,-3.979269430659646,1.4313219267732165,2.243482168752566,-2.675310709490119,0.675213286665153,1.2740868410314898,-3.757401812978266,0.15552564317341683,2.7973501131048,-0.6674221959835223,0.0187622060658586,1.8766870955486366,-4.213883479494848,0.35947533256521075,4.842241383744584,-2.828753245979676,0.37639753137658916,1.1512006592484794,-1.6525857651732991,0.41741088323219994,4.350918349660435,-3.155498747663553,0.6351333886148562,4.956992200230865,-4.229437652561521,0.5490324138809154,4.120733596416022,-2.6495093186059275,0.6904246159256373,2.2460440879780372,-1.263451756428781,0.9066838468771663,1.4503439159647349,-1.5930433634008891,1.1058947531497196,2.09660455113306,-1.4709976861061844,0.004609924841413024,2.884008551890783,-0.8403999863219722,0.724226506763137,2.5168548356385765,-1.151590296118485,0.019347922403473827,2.6217940670231514,-1.9013386154667384,0.641996836854965,0.8628788957515294,-2.034002732775783,-0.002031212753102295,2.3948124750189255,-4.0040937191396875,0.45948228231374166,2.1323097874205192,-1.200699184554841,-0.22028979239616375,1.2116166916898206,-4.203580611298968,1.73338599206446,3.638851162531841,-2.9807471615797207,0.5711248982153925
0.8499414518346112,-0.5170620817343372,0.10122416749880384,0.05715757297068835,0.5145815378778918,0.8559057840062505,0.0512945394741918,-4.775608675584669,-0.11316081180557344,0.008490732430061447,0.9935404058891134,0.8086774735071345,0.0,0.0,0.0,1.0,0.8573431097922404,-0.5142553844663553,0.022454212057685694,0.049600733901278726,0.5138184151608216,0.8523678639409005,-0.09726078738344673,-4.768217948781159,0.030877634841289272,0.0949232535693312,0.9950056017924827,0.40078878232276194,0.0,0.0,0.0,1.0,3.426839469781735,-3.811424337583625,0.9330380654453895,3.629666743744533,-1.2107354154166445,0.1485147271547973,1.4197607622163022,-1.894971641101876,0.9175966195007397,0.7232851147553729,-3.6985656726460987,0.275520085459476,2.900974872190597,-4.366862626852932,0.7160510194296963,1.6650730042960475,-1.3390683409221877,0.36438946713682624,0.3747249996380373,-4.328966473991882,-0.14617482968434214,1.1017619996398729,-3.979269430659646,1.4313219267732165,2.243482168752566,-2.675310709490119,0.675213286665153,1.2740868410314898,-3.757401812978266,0.15552564317341683,2.7973501131048,-0.6674221959835223,0.0187622060658586,1.8766870955486366,-4.213883479494848,0.35947533256521075,4.842241383744584,-2.828753245979676,0.37639753137658916,1.1512006592484794,-1.6525857651732991,0.41741088323219994,4.350918349660435,-3.155498747663553,0.6351333886148562,4.956992200230865,-4.229437652561521,0.5490324138809154,4.120733596416022,-2.6495093186059275,0.6904246159256373,2.2460440879780372,-1.263451756428781,0.9066838468771663,1.4503439159647349,-1.5930433634008891,1.1058947531497196,2.09660455113306,-1.4709976861061844,0.004609924841413024,2.884008551890783,-0.8403999863219722,0.724226506763137,2.5168548356385765,-1.151590296118485,0.019347922403473827,2.6217940670231514,-1.9013386154667384,0.641996836854965,0.8628788957515294,-2.034002732775783,-0.002031212753102295,2.3948124750189255,-4.0040937191396875,0.45948228231374166,2.1323097874205192,-1.200699184554841,-0.22028979239616375,1.2116166916898206,-4.203580611298968,1.73338599206446,3.638851162531841,-2.9807471615797207,0.5711248982153925
0.8835080127979196,-0.45679576685101375,0.1036880837361045,0.006079938946536689,0.45263099698047643,0.8895366429801037,0.06204628408009507,-4.530851150310663,-0.12057682984027719,-0.007885948432631988,0.9926726751165194,0.8535008909322005,0.0,0.0,0.0,1.0,0.8859337511469062,-0.4567459808086158,-0.08065046555319613,0.0007838121765444406,0.4532084929058479,0.8894608703864153,-0.058833850880683415,-4.534279788553733,0.09860755821326103,0.015571418259622542,0.9950045630029051,0.40001234449937173,0.0,0.0,0.0,1.0,3.426839469781735,-3.811424337583625,0.9330380654453895,3.629666743744533,-1.2107354154166445,0.1485147271547973,1.4197607622163022,-1.894971641101876,0.9175966195007397,0.7232851147553729,-3.6985656726460987,0.275520085459476,2.900974872190597,-4.366862626852932,0.7160510194296963,1.6650730042960475,-1.3390683409221877,0.36438946713682624,0.3747249996380373,-4.328966473991882,-0.14617482968434214,1.1017619996398729,-3.979269430659646,1.4313219267732165,2.243482168752566,-2.675310709490119,0.675213286665153,1.2740868410314898,-3.757401812978266,0.15552564317341683,2.7973501131048,-0.6674221959835223,0.0187622060658586,1.8766870955486366,-4.213883479494848,0.35947533256521075,4.842241383744584,-2.828753245979676,0.37639753137658916,1.1512006592484794,-1.6525857651732991,0.41741088323219994,4.350918349660435,-3.155498747663553,0.6351333886148562,4.956992200230865,-4.229437652561521,0.5490324138809154,4.120733596416022,-2.6495093186059275,0.6904246159256373,2.2460440879780372,-1.263451756428781,0.9066838468771663,1.4503439159647349,-1.5930433634008891,1.1058947531497196,2.09660455113306,-1.4709976861061844,0.004609924841413024,2.884008551890783,-0.8403999863219722,0.724226506763137,2.5168548356385765,-1.151590296118485,0.019347922403473827,2.6217940670231514,-1.9013386154667384,0.641996836854965,0.8628788957515294,-2.034002732775783,-0.002031212753102295,2.3948124750189255,-4.0040937191396875,0.45948228231374166,2.1323097874205192,-1.200699184554841,-0.22028979239616375,1.2116166916898206,-4.203580611298968,1.73338599206446,3.638851162531841,-2.9807471615797207,0.5711248982153925
0.9353849591907994,-0.3303325198877418,0.12623551173992625,0.0012116669323805063,0.3306843489833693,0.9435547093649804,0.018771568197993464,-4.0556470612531275,-0.12531097101639363,0.024185465465472532,0.991822677600763,0.900098016057713,0.0,0.0,0.0,1.0,0.9384043126032033,-0.3355212011943521,-0.08260066365840318,0.0,0.34051047447253396,0.9385713967314959,0.0560031250197586,-4.0885834705765545,0.05873638448354912,-0.08067996521186688,0.9950079297931311,0.40044390026669496,0.0,0.0,0.0,1.0,3.426839469781735,-3.811424337583625,0.9330380654453895,3.629666743744533,-1.2107354154166445,0.1485147271547973,1.4197607622163022,-1.894971641101876,0.9175966195007397,0.7232851147553729,-3.6985656726460987,0.275520085459476,2.900974872190597,-4.366862626852932,0.7160510194296963,1.6650730042960475,-1.3390683409221877,0.36438946713682624,0.3747249996380373,-4.328966473991882,-0.14617482968434214,1.1017619996398729,-3.979269430659646,1.4313219267732165,2.243482168752566,-2.675310709490119,0.675213286665153,1.2740868410314898,-3.757401812978266,0.15552564317341683,2.7973501131048,-0.6674221959835223,0.0187622060658586,1.8766870955486366,-4.213883479494848,0.35947533256521075,4.842241383744584,-2.828753245979676,0.37639753137658916,1.1512006592484794,-1.6525857651732991,0.41741088323219994,4.350918349660435,-3.155498747663553,0.6351333886148562,4.956992200230865,-4.229437652561521,0.5490324138809154,4.120733596416022,-2.6495093186059275,0.6904246159256373,2.2460440879780372,-1.263451756428781,0.9066838468771663,1.4503439159647349,-1.5930433634008891,1.1058947531497196,2.09660455113306,-1.4709976861061844,0.004609924841413024,2.884008551890783,-0.8403999863219722,0.724226506763137,2.5168548356385765,-1.151590296118485,0.019347922403473827,2.6217940670231514,-1.9013386154667384,0.641996836854965,0.8628788957515294,-2.034002732775783,-0.002031212753102295,2.3948124750189255,-4.0040937191396875,0.45948228231374166,2.1323097874205192,-1.200699184554841,-0.22028979239616375,1.2116166916898206,-4.203580611298968,1.73338599206446,3.638851162531841,-2.9807471615797207,0.5711248982153925
