-0.8193865981621598,-0.5707161573176867,0.05374635363237827,5.831155020132355,0.5701432980769253,-0.8211028518083746,-0.02695786360454484,-4.955775035416958,0.0595165725677273,0.008554211166925344,0.9981906646834074,0.8240385095462509,0.0,0.0,0.0,1.0,-0.8196735049518218,-0.5668748617940037,0.08239075400811194,5.844388089170584,0.5640644494789658,-0.8238038737045814,-0.05637796114899449,-4.957386925318315,0.09983307124388782,0.00026217428470860435,0.9950041653936215,0.5309267578419588,0.0,0.0,0.0,1.0,3.3935261731137087,-3.8260533383646202,0.5377568755037763,3.625396623836263,-1.2120503741696333,0.15744898049529824,1.4157339352803442,-1.8877050068975325,0.7510735326347007,0.7303062122522256,-3.7055516834189364,0.1943681534719594,2.9148901883927114,-4.359368023207932,0.8683606693105366,1.6690707806877354,-1.337703504366855,0.28984163894618886,2.5604951633429422,-3.055203460027118,0.6888462665844084,0.3304674170472085,-4.302338210986283,0.40717356043753716,1.0569305362798374,-3.9739083703666322,1.1420882316184988,2.083112061173907,-1.6496538940026075,0.5956143171135129,2.238844183117347,-2.677482225580797,0.49524745856523666,1.269975361738122,-3.7581351887601855,0.19434440155106192,2.9152604760264853,-0.7516718381853922,-0.06313741136181372,2.793345767407352,-0.6864295187762282,-0.06591290221981005,1.9007898054000725,-4.169773302037139,1.0121387615276183,4.8369285507990085,-2.8294262567852213,0.4082702001346069,1.1526258140070031,-1.6547160189854404,0.51636841538711,1.5511009399193585,-4.353867359667229,0.6094709677209044,4.357323331350919,-3.1578458079764777,0.7050096988346253,4.959195131092529,-4.229198664945526,0.5918722242045561,1.4456077160576446,-0.8036815959590149,0.803052444101886,3.4525367807647718,-1.846113881409669,0.616504533089885,4.127450222282873,-2.6502991091124417,0.712285742455111,0.7924394937202249,-2.494672197827902,0.03919318368511963,2.575150825151616,-2.889391314622573,0.36403048747693817,2.243773165814461,-1.25931349590478,0.8736505835765371,1.4286406375385083,-1.5875842459134732,0.8573754059612889,2.0970159609486148,-1.4723278078682278,-0.022744218010599226,0.45504508923404985,-4.124838269396882,1.2372611648067209,2.882410779019078,-0.842898033405225,0.6775868450213464,2.5088297148848824,-1.1400031122627736,0.14260499105192492,2.618713837153533,-1.9088805043134354,0.6906964624518347,0.8498565787875414,-2.0177216397866453,0.20871705751579353,2.4229994761390854,-3.9926372946781914,0.9651149434334783,1.9227270310334976,-2.528038392706767,0.03549721145930748,2.1316689037392713,-1.1860225003865483,-0.12678768275028618,3.5941113348489693,-3.76333258634332,0.78372567599268,0.7900436130434406,-3.7063110884314985,0.19966896443660664,1.0917853430371478,-4.232241600685898,1.00241286483412,3.6457141787292953,-2.980687396349648,0.6786708276863231,4.391461061966343,-4.477513053684244,0.6184634654322717,4.665879820300743,-2.654753726511955,0.6074192311190615,4.80019410233272,-3.632245223365984,0.6193890679230993
-0.7780465422067651,-0.6259253821699723,-0.05348826147362984,5.662056315869634,0.628174147611685,-0.7760469984669137,-0.056109682255628436,-5.096654910727245,-0.006388930460534,-0.07725588732174035,0.996990827160261,0.4149146478109244,0.0,0.0,0.0,1.0,-0.7822130712092692,-0.62269921039558,-0.019707983206905675,5.670335594358903,0.6213396481243503,-0.7774086414612117,-0.09784092114315733,-5.121142486161547,0.04560430788939937,-0.08877779876835241,0.9950069092965007,0.5203030412080604,0.0,0.0,0.0,1.0,3.3935261731137087,-3.8260533383646202,0.5377568755037763,3.625396623836263,-1.2120503741696333,0.15744898049529824,1.4157339352803442,-1.8877050068975325,0.7510735326347007,0.7303062122522256,-3.7055516834189364,0.1943681534719594,2.9148901883927114,-4.359368023207932,0.8683606693105366,1.6690707806877354,-1.337703504366855,0.28984163894618886,2.5604951633429422,-3.055203460027118,0.6888462665844084,0.3304674170472085,-4.302338210986283,0.40717356043753716,1.0569305362798374,-3.9739083703666322,1.1420882316184988,2.083112061173907,-1.6496538940026075,0.5956143171135129,2.238844183117347,-2.677482225580797,0.49524745856523666,1.269975361738122,-3.7581351887601855,0.19434440155106192,2.9152604760264853,-0.7516718381853922,-0.06313741136181372,2.793345767407352,-0.6864295187762282,-0.06591290221981005,1.9007898054000725,-4.169773302037139,1.0121387615276183,4.8369285507990085,-2.8294262567852213,0.4082702001346069,1.1526258140070031,-1.6547160189854404,0.51636841538711,1.5511009399193585,-4.353867359667229,0.6094709677209044,4.357323331350919,-3.1578458079764777,0.7050096988346253,4.959195131092529,-4.229198664945526,0.5918722242045561,1.4456077160576446,-0.8036815959590149,0.803052444101886,3.4525367807647718,-1.846113881409669,0.616504533089885,4.127450222282873,-2.6502991091124417,0.712285742455111,0.7924394937202249,-2.494672197827902,0.03919318368511963,2.575150825151616,-2.889391314622573,0.36403048747693817,2.243773165814461,-1.25931349590478,0.8736505835765371,1.4286406375385083,-1.5875842459134732,0.8573754059612889,2.0970159609486148,-1.4723278078682278,-0.022744218010599226,0.45504508923404985,-4.124838269396882,1.2372611648067209,2.882410779019078,-0.842898033405225,0.6775868450213464,2.5088297148848824,-1.1400031122627736,0.14260499105192492,2.618713837153533,-1.9088805043134354,0.6906964624518347,0.8498565787875414,-2.0177216397866453,0.20871705751579353,2.4229994761390854,-3.9926372946781914,0.9651149434334783,1.9227270310334976,-2.528038392706767,0.03549721145930748,2.1316689037392713,-1.1860225003865483,-0.12678768275028618,3.5941113348489693,-3.76333258634332,0.78372567599268,0.7900436130434406,-3.7063110884314985,0.19966896443660664,1.0917853430371478,-4.232241600685898,1.00241286483412,3.6457141787292953,-2.980687396349648,0.6786708276863231,4.391461061966343,-4.477513053684244,0.6184634654322717,4.665879820300743,-2.654753726511955,0.6074192311190615,4.80019410233272,-3.632245223365984,0.6193890679230993
-0.735694271548528,-0.6676850092883053,-0.11380099816063953,5.455831141224451,0.671293829284694,-0.7411411234006972,0.008627280489478693,-5.215475848860708,-0.09010290547464749,-0.07004686699652424,0.9934661055360663,0.574320951508193,0.0,0.0,0.0,1.0,-0.7399776329784935,-0.6655130942182677,-0.09759827926543162,5.453606778121827,0.6700778040214184,-0.7419985978318241,-0.020828283017104647,-5.221833969762334,-0.058556291287781934,-0.0808109042124528,0.9950079188182305,0.5094340348578613,0.0,0.0,0.0,1.0,3.3935261731137087,-3.8260533383646202,0.5377568755037763,3.625396623836263,-1.2120503741696333,0.15744898049529824,1.4157339352803442,-1.8877050068975325,0.7510735326347007,0.7303062122522256,-3.7055516834189364,0.1943681534719594,2.9148901883927114,-4.359368023207932,0.8683606693105366,1.6690707806877354,-1.337703504366855,0.28984163894618886,2.5604951633429422,-3.055203460027118,0.6888462665844084,0.3304674170472085,-4.302338210986283,0.40717356043753716,1.0569305362798374,-3.9739083703666322,1.1420882316184988,2.083112061173907,-1.6496538940026075,0.5956143171135129,2.238844183117347,-2.677482225580797,0.49524745856523666,1.269975361738122,-3.7581351887601855,0.19434440155106192,2.9152604760264853,-0.7516718381853922,-0.06313741136181372,2.793345767407352,-0.6864295187762282,-0.06591290221981005,1.9007898054000725,-4.169773302037139,1.0121387615276183,4.8369285507990085,-2.8294262567852213,0.4082702001346069,1.1526258140070031,-1.6547160189854404,0.51636841538711,1.5511009399193585,-4.353867359667229,0.6094709677209044,4.357323331350919,-3.1578458079764777,0.7050096988346253,4.959195131092529,-4.229198664945526,0.5918722242045561,1.4456077160576446,-0.8036815959590149,0.803052444101886,3.4525367807647718,-1.846113881409669,0.616504533089885,4.127450222282873,-2.6502991091124417,0.712285742455111,0.7924394937202249,-2.494672197827902,0.03919318368511963,2.575150825151616,-2.889391314622573,0.36403048747693817,2.243773165814461,-1.25931349590478,0.8736505835765371,1.4286406375385083,-1.5875842459134732,0.8573754059612889,2.0970159609486148,-1.4723278078682278,-0.022744218010599226,0.45504508923404985,-4.124838269396882,1.2372611648067209,2.882410779019078,-0.842898033405225,0.6775868450213464,2.5088297148848824,-1.1400031122627736,0.14260499105192492,2.618713837153533,-1.9088805043134354,0.6906964624518347,0.8498565787875414,-2.0177216397866453,0.20871705751579353,2.4229994761390854,-3.9926372946781914,0.9651149434334783,1.9227270310334976,-2.528038392706767,0.03549721145930748,2.1316689037392713,-1.1860225003865483,-0.12678768275028618,3.5941113348489693,-3.76333258634332,0.78372567599268,0.7900436130434406,-3.7063110884314985,0.19966896443660664,1.0917853430371478,-4.232241600685898,1.00241286483412,3.6457141787292953,-2.980687396349648,0.6786708276863231,4.391461061966343,-4.477513053684244,0.6184634654322717,4.665879820300743,-2.654753726511955,0.6074192311190615,4.80019410233272,-3.632245223365984,0.6193890679230993
-0.6917551631850297,-0.7202824206004081,-0.05165296487976549,5.1811886386019435,0.7156118588979266,-0.6933436593917672,0.0847008700420911,-5.247167200292164,-0.09682180338904896,0.021628789962682398,0.9950666981832136,0.5682971274655332,0.0,0.0,0.0,1.0,-0.6928441091868152,-0.7187834973060234,-0.05759621832769374,5.182388980384939,0.714308613029822,-0.6950644492030594,0.08153905080058557,-5.25,-0.09864200786957597,0.015352376186452424,0.9950045521649075,0.4984510519013923,0.0,0.0,0.0,1.0,3.3935261731137087,-3.8260533383646202,0.5377568755037763,3.625396623836263,-1.2120503741696333,0.15744898049529824,1.4157339352803442,-1.8877050068975325,0.7510735326347007,0.7303062122522256,-3.7055516834189364,0.1943681534719594,2.9148901883927114,-4.359368023207932,0.8683606693105366,1.6690707806877354,-1.337703504366855,0.28984163894618886,2.5604951633429422,-3.055203460027118,0.6888462665844084,0.3304674170472085,-4.302338210986283,0.40717356043753716,1.0569305362798374,-3.9739083703666322,1.1420882316184988,2.083112061173907,-1.6496538940026075,0.5956143171135129,2.238844183117347,-2.677482225580797,0.49524745856523666,1.269975361738122,-3.7581351887601855,0.19434440155106192,2.9152604760264853,-0.7516718381853922,-0.06313741136181372,2.793345767407352,-0.6864295187762282,-0.06591290221981005,1.9007898054000725,-4.169773302037139,1.0121387615276183,4.8369285507990085,-2.8294262567852213,0.4082702001346069,1.1526258140070031,-1.6547160189854404,0.51636841538711,1.5511009399193585,-4.353867359667229,0.6094709677209044,4.357323331350919,-3.1578458079764777,0.7050096988346253,4.959195131092529,-4.229198664945526,0.5918722242045561,1.4456077160576446,-0.8036815959590149,0.803052444101886,3.4525367807647718,-1.846113881409669,0.616504533089885,4.127450222282873,-2.6502991091124417,0.712285742455111,0.7924394937202249,-2.494672197827902,0.03919318368511963,2.575150825151616,-2.889391314622573,0.36403048747693817,2.243773165814461,-1.25931349590478,0.8736505835765371,1.4286406375385083,-1.5875842459134732,0.8573754059612889,2.0970159609486148,-1.4723278078682278,-0.022744218010599226,0.45504508923404985,-4.124838269396882,1.2372611648067209,2.882410779019078,-0.842898033405225,0.6775868450213464,2.5088297148848824,-1.1400031122627736,0.14260499105192492,2.618713837153533,-1.9088805043134354,0.6906964624518347,0.8498565787875414,-2.0177216397866453,0.20871705751579353,2.4229994761390854,-3.9926372946781914,0.9651149434334783,1.9227270310334976,-2.528038392706767,0.03549721145930748,2.1316689037392713,-1.1860225003865483,-0.12678768275028618,3.5941113348489693,-3.76333258634332,0.78372567599268,0.7900436130434406,-3.7063110884314985,0.19966896443660664,1.0917853430371478,-4.232241600685898,1.00241286483412,3.6457141787292953,-2.980687396349648,0.6786708276863231,4.391461061966343,-4.477513053684244,0.6184634654322717,4.665879820300743,-2.654753726511955,0.6074192311190615,4.80019410233272,-3.632245223365984,0.6193890679230993
-0.6019576949788092,-0.7958698730565847,0.06510052700780938,4.704460315573018,0.7981640785332179,-0.5972195468624525,0.07913859099469547,-5.248576549344114,-0.024104713128714463,0.09959898597025266,0.9947356456861695,0.5352503590730805,0.0,0.0,0.0,1.0,-0.6030803013251463,-0.7956409868090059,0.057005002088956605,4.702388980384949,0.7970744016885888,-0.5982960397488595,0.0819405088683805,-5.25,-0.031089360339972158,0.09485393471239059,0.9950056194530909,0.4874867824487662,0.0,0.0,0.0,1.0,3.3935261731137087,-3.8260533383646202,0.5377568755037763,3.625396623836263,-1.2120503741696333,0.15744898049529824,1.4157339352803442,-1.8877050068975325,0.7510735326347007,0.7303062122522256,-3.7055516834189364,0.1943681534719594,2.9148901883927114,-4.359368023207932,0.8683606693105366,1.6690707806877354,-1.337703504366855,0.28984163894618886,2.5604951633429422,-3.055203460027118,0.6888462665844084,0.3304674170472085,-4.302338210986283,0.40717356043753716,1.0569305362798374,-3.9739083703666322,1.1420882316184988,2.083112061173907,-1.6496538940026075,0.5956143171135129,2.238844183117347,-2.677482225580797,0.49524745856523666,1.269975361738122,-3.7581351887601855,0.19434440155106192,2.9152604760264853,-0.7516718381853922,-0.06313741136181372,2.793345767407352,-0.6864295187762282,-0.06591290221981005,1.9007898054000725,-4.169773302037139,1.0121387615276183,4.8369285507990085,-2.8294262567852213,0.4082702001346069,1.1526258140070031,-1.6547160189854404,0.51636841538711,1.5511009399193585,-4.353867359667229,0.6094709677209044,4.357323331350919,-3.1578458079764777,0.7050096988346253,4.959195131092529,-4.229198664945526,0.5918722242045561,1.4456077160576446,-0.8036815959590149,0.803052444101886,3.4525367807647718,-1.846113881409669,0.616504533089885,4.127450222282873,-2.6502991091124417,0.712285742455111,0.7924394937202249,-2.494672197827902,0.03919318368511963,2.575150825151616,-2.889391314622573,0.36403048747693817,2.243773165814461,-1.25931349590478,0.8736505835765371,1.4286406375385083,-1.5875842459134732,0.8573754059612889,2.0970159609486148,-1.4723278078682278,-0.022744218010599226,0.45504508923404985,-4.124838269396882,1.2372611648067209,2.882410779019078,-0.842898033405225,0.6775868450213464,2.5088297148848824,-1.1400031122627736,0.14260499105192492,2.618713837153533,-1.9088805043134354,0.6906964624518347,0.8498565787875414,-2.0177216397866453,0.20871705751579353,2.4229994761390854,-3.9926372946781914,0.9651149434334783,1.9227270310334976,-2.528038392706767,0.03549721145930748,2.1316689037392713,-1.1860225003865483,-0.12678768275028618,3.5941113348489693,-3.76333258634332,0.78372567599268,0.7900436130434406,-3.7063110884314985,0.19966896443660664,1.0917853430371478,-4.232241600685898,1.00241286483412,3.6457141787292953,-2.980687396349648,0.6786708276863231,4.391461061966343,-4.477513053684244,0.6184634654322717,4.665879820300743,-2.654753726511955,0.6074192311190615,4.80019410233272,-3.632245223365984,0.6193890679230993
-0.471707104922653,-0.8760253667715363,0.10035917465924307,4.205090932636977,0.87952246498729,-0.47554981897094195,-0.017105649925837785,-5.249525840565692,0.06271077059142385,0.08019929207605007,0.9948042183275713,0.5234077706932011,0.0,0.0,0.0,1.0,-0.4761930485903876,-0.8741091503923984,0.09577773057695878,4.2223889803849595,0.8765085226725048,-0.4805702400186648,-0.02801881672851777,-5.25,0.07051943105737705,0.07060763137708709,0.9950083277212615,0.47667369052425995,0.0,0.0,0.0,1.0,3.3935261731137087,-3.8260533383646202,0.5377568755037763,3.625396623836263,-1.2120503741696333,0.15744898049529824,1.4157339352803442,-1.8877050068975325,0.7510735326347007,0.7303062122522256,-3.7055516834189364,0.1943681534719594,2.9148901883927114,-4.359368023207932,0.8683606693105366,1.6690707806877354,-1.337703504366855,0.28984163894618886,2.5604951633429422,-3.055203460027118,0.6888462665844084,0.3304674170472085,-4.302338210986283,0.40717356043753716,1.0569305362798374,-3.9739083703666322,1.1420882316184988,2.083112061173907,-1.6496538940026075,0.5956143171135129,2.238844183117347,-2.677482225580797,0.49524745856523666,1.269975361738122,-3.7581351887601855,0.19434440155106192,2.9152604760264853,-0.7516718381853922,-0.06313741136181372,2.793345767407352,-0.6864295187762282,-0.06591290221981005,1.9007898054000725,-4.169773302037139,1.0121387615276183,4.8369285507990085,-2.8294262567852213,0.4082702001346069,1.1526258140070031,-1.6547160189854404,0.51636841538711,1.5511009399193585,-4.353867359667229,0.6094709677209044,4.357323331350919,-3.1578458079764777,0.7050096988346253,4.959195131092529,-4.229198664945526,0.5918722242045561,1.4456077160576446,-0.8036815959590149,0.803052444101886,3.4525367807647718,-1.846113881409669,0.616504533089885,4.127450222282873,-2.6502991091124417,0.712285742455111,0.7924394937202249,-2.494672197827902,0.03919318368511963,2.575150825151616,-2.889391314622573,0.36403048747693817,2.243773165814461,-1.25931349590478,0.8736505835765371,1.4286406375385083,-1.5875842459134732,0.8573754059612889,2.0970159609486148,-1.4723278078682278,-0.022744218010599226,0.45504508923404985,-4.124838269396882,1.2372611648067209,2.882410779019078,-0.842898033405225,0.6775868450213464,2.5088297148848824,-1.1400031122627736,0.14260499105192492,2.618713837153533,-1.9088805043134354,0.6906964624518347,0.8498565787875414,-2.0177216397866453,0.20871705751579353,2.4229994761390854,-3.9926372946781914,0.9651149434334783,1.9227270310334976,-2.528038392706767,0.03549721145930748,2.1316689037392713,-1.1860225003865483,-0.12678768275028618,3.5941113348489693,-3.76333258634332,0.78372567599268,0.7900436130434406,-3.7063110884314985,0.19966896443660664,1.0917853430371478,-4.232241600685898,1.00241286483412,3.6457141787292953,-2.980687396349648,0.6786708276863231,4.391461061966343,-4.477513053684244,0.6184634654322717,4.665879820300743,-2.654753726511955,0.6074192311190615,4.80019410233272,-3.632245223365984,0.6193890679230993
-0.3054204873773482,-0.9521966819738136,-0.006309098845560954,3.7242656779116308,0.950379108580119,-0.304412586058321,-0.06412899050930768,-5.237212187777864,0.059142842886018,-0.025582343273158243,0.9979216742049519,0.5473087708725024,0.0,0.0,0.0,1.0,-0.3119176143748007,-0.9501089803123712,0.0005721647663100571,3.7423889803849697,0.9453462415072087,-0.3104141341907767,-0.09981757842577278,-5.25,0.0950151856859097,-0.03059396712388253,0.9950055897655524,0.46614241371183535,0.0,0.0,0.0,1.0,3.3935261731137087,-3.8260533383646202,0.5377568755037763,3.625396623836263,-1.2120503741696333,0.15744898049529824,1.4157339352803442,-1.8877050068975325,0.7510735326347007,0.7303062122522256,-3.7055516834189364,0.1943681534719594,2.9148901883927114,-4.359368023207932,0.8683606693105366,1.6690707806877354,-1.337703504366855,0.28984163894618886,2.5604951633429422,-3.055203460027118,0.6888462665844084,0.3304674170472085,-4.302338210986283,0.40717356043753716,1.0569305362798374,-3.9739083703666322,1.1420882316184988,2.083112061173907,-1.6496538940026075,0.5956143171135129,2.238844183117347,-2.677482225580797,0.49524745856523666,1.269975361738122,-3.7581351887601855,0.19434440155106192,2.9152604760264853,-0.7516718381853922,-0.06313741136181372,2.793345767407352,-0.6864295187762282,-0.06591290221981005,1.9007898054000725,-4.169773302037139,1.0121387615276183,4.8369285507990085,-2.8294262567852213,0.4082702001346069,1.1526258140070031,-1.6547160189854404,0.51636841538711,1.5511009399193585,-4.353867359667229,0.6094709677209044,4.357323331350919,-3.1578458079764777,0.7050096988346253,4.959195131092529,-4.229198664945526,0.5918722242045561,1.4456077160576446,-0.8036815959590149,0.803052444101886,3.4525367807647718,-1.846113881409669,0.616504533089885,4.127450222282873,-2.6502991091124417,0.712285742455111,0.7924394937202249,-2.494672197827902,0.03919318368511963,2.575150825151616,-2.889391314622573,0.36403048747693817,2.243773165814461,-1.25931349590478,0.8736505835765371,1.4286406375385083,-1.5875842459134732,0.8573754059612889,2.0970159609486148,-1.4723278078682278,-0.022744218010599226,0.45504508923404985,-4.124838269396882,1.2372611648067209,2.882410779019078,-0.842898033405225,0.6775868450213464,2.5088297148848824,-1.1400031122627736,0.14260499105192492,2.618713837153533,-1.9088805043134354,0.6906964624518347,0.8498565787875414,-2.0177216397866453,0.20871705751579353,2.4229994761390854,-3.9926372946781914,0.9651149434334783,1.9227270310334976,-2.528038392706767,0.03549721145930748,2.1316689037392713,-1.1860225003865483,-0.12678768275028618,3.5941113348489693,-3.76333258634332,0.78372567599268,0.7900436130434406,-3.7063110884314985,0.19966896443660664,1.0917853430371478,-4.232241600685898,1.00241286483412,3.6457141787292953,-2.980687396349648,0.6786708276863231,4.391461061966343,-4.477513053684244,0.6184634654322717,4.665879820300743,-2.654753726511955,0.6074192311190615,4.80019410233272,-3.632245223365984,0.6193890679230993
-0.11077332513893551,-0.9893435881439854,-0.09449092568098062,3.2686241041708586,0.9935025477473145,-0.11273167121617816,0.015628753130153262,-5.229893677029941,-0.02611432666678304,-0.09214572645105372,0.9954030374876048,0.47391341669062376,0.0,0.0,0.0,1.0,-0.11581789244256357,-0.9886107237192896,-0.09609918177271318,3.26238898038498,0.9931448249595964,-0.1137211707043847,-0.02703427434935938,-5.25,0.01579786207481959,-0.09857145773927856,0.9950045704784569,0.4560201848666656,0.0,0.0,0.0,1.0,3.3935261731137087,-3.8260533383646202,0.5377568755037763,3.625396623836263,-1.2120503741696333,0.15744898049529824,1.4157339352803442,-1.8877050068975325,0.7510735326347007,0.7303062122522256,-3.7055516834189364,0.1943681534719594,2.9148901883927114,-4.359368023207932,0.8683606693105366,1.6690707806877354,-1.337703504366855,0.28984163894618886,2.5604951633429422,-3.055203460027118,0.6888462665844084,0.3304674170472085,-4.302338210986283,0.40717356043753716,1.0569305362798374,-3.9739083703666322,1.1420882316184988,2.083112061173907,-1.6496538940026075,0.5956143171135129,2.238844183117347,-2.677482225580797,0.49524745856523666,1.269975361738122,-3.7581351887601855,0.19434440155106192,2.9152604760264853,-0.7516718381853922,-0.06313741136181372,2.793345767407352,-0.6864295187762282,-0.06591290221981005,1.9007898054000725,-4.169773302037139,1.0121387615276183,4.8369285507990085,-2.8294262567852213,0.4082702001346069,1.1526258140070031,-1.6547160189854404,0.51636841538711,1.5511009399193585,-4.353867359667229,0.6094709677209044,4.357323331350919,-3.1578458079764777,0.7050096988346253,4.959195131092529,-4.229198664945526,0.5918722242045561,1.4456077160576446,-0.8036815959590149,0.803052444101886,3.4525367807647718,-1.846113881409669,0.616504533089885,4.127450222282873,-2.6502991091124417,0.712285742455111,0.7924394937202249,-2.494672197827902,0.03919318368511963,2.575150825151616,-2.889391314622573,0.36403048747693817,2.243773165814461,-1.25931349590478,0.8736505835765371,1.4286406375385083,-1.5875842459134732,0.8573754059612889,2.0970159609486148,-1.4723278078682278,-0.022744218010599226,0.45504508923404985,-4.124838269396882,1.2372611648067209,2.882410779019078,-0.842898033405225,0.6775868450213464,2.5088297148848824,-1.1400031122627736,0.14260499105192492,2.618713837153533,-1.9088805043134354,0.6906964624518347,0.8498565787875414,-2.0177216397866453,0.20871705751579353,2.4229994761390854,-3.9926372946781914,0.9651149434334783,1.9227270310334976,-2.528038392706767,0.03549721145930748,2.1316689037392713,-1.1860225003865483,-0.12678768275028618,3.5941113348489693,-3.76333258634332,0.78372567599268,0.7900436130434406,-3.7063110884314985,0.19966896443660664,1.0917853430371478,-4.232241600685898,1.00241286483412,3.6457141787292953,-2.980687396349648,0.6786708276863231,4.391461061966343,-4.477513053684244,0.6184634654322717,4.665879820300743,-2.654753726511955,0.6074192311190615,4.80019410233272,-3.632245223365984,0.6193890679230993
0.09842252110718208,-0.9943112558103974,-0.04072019041773543,2.777599836001555,0.9898849155535054,0.09361880582024855,0.10659912361938062,-5.242251936150151,-0.10218053287459258,-0.050800056747418325,0.9934679123836483,0.5503176393494966,0.0,0.0,0.0,1.0,0.09595260078852752,-0.9940873462240558,-0.05082761532013793,2.78238898038496,0.9921067056075912,0.09137027019569488,0.08588223572321743,-5.25,-0.08073031085267815,-0.05866704186832808,0.9950079372085682,0.4464292949606454,0.0,0.0,0.0,1.0,3.3935261731137087,-3.8260533383646202,0.5377568755037763,3.625396623836263,-1.2120503741696333,0.15744898049529824,1.4157339352803442,-1.8877050068975325,0.7510735326347007,0.7303062122522256,-3.7055516834189364,0.1943681534719594,2.9148901883927114,-4.359368023207932,0.8683606693105366,1.6690707806877354,-1.337703504366855,0.28984163894618886,2.5604951633429422,-3.055203460027118,0.6888462665844084,0.3304674170472085,-4.302338210986283,0.40717356043753716,1.0569305362798374,-3.9739083703666322,1.1420882316184988,2.083112061173907,-1.6496538940026075,0.5956143171135129,2.238844183117347,-2.677482225580797,0.49524745856523666,1.269975361738122,-3.7581351887601855,0.19434440155106192,2.9152604760264853,-0.7516718381853922,-0.06313741136181372,2.793345767407352,-0.6864295187762282,-0.06591290221981005,1.9007898054000725,-4.169773302037139,1.0121387615276183,4.8369285507990085,-2.8294262567852213,0.4082702001346069,1.1526258140070031,-1.6547160189854404,0.51636841538711,1.5511009399193585,-4.353867359667229,0.6094709677209044,4.357323331350919,-3.1578458079764777,0.7050096988346253,4.959195131092529,-4.229198664945526,0.5918722242045561,1.4456077160576446,-0.8036815959590149,0.803052444101886,3.4525367807647718,-1.846113881409669,0.616504533089885,4.127450222282873,-2.6502991091124417,0.712285742455111,0.7924394937202249,-2.494672197827902,0.03919318368511963,2.575150825151616,-2.889391314622573,0.36403048747693817,2.243773165814461,-1.25931349590478,0.8736505835765371,1.4286406375385083,-1.5875842459134732,0.8573754059612889,2.0970159609486148,-1.4723278078682278,-0.022744218010599226,0.45504508923404985,-4.124838269396882,1.2372611648067209,2.882410779019078,-0.842898033405225,0.6775868450213464,2.5088297148848824,-1.1400031122627736,0.14260499105192492,2.618713837153533,-1.9088805043134354,0.6906964624518347,0.8498565787875414,-2.0177216397866453,0.20871705751579353,2.4229994761390854,-3.9926372946781914,0.9651149434334783,1.9227270310334976,-2.528038392706767,0.03549721145930748,2.1316689037392713,-1.1860225003865483,-0.12678768275028618,3.5941113348489693,-3.76333258634332,0.78372567599268,0.7900436130434406,-3.7063110884314985,0.19966896443660664,1.0917853430371478,-4.232241600685898,1.00241286483412,3.6457141787292953,-2.980687396349648,0.6786708276863231,4.391461061966343,-4.477513053684244,0.6184634654322717,4.665879820300743,-2.654753726511955,0.6074192311190615,4.80019410233272,-3.632245223365984,0.6193890679230993
0.2969270111248355,-0.9514245095312074,0.08139872681911411,2.2965339637231583,0.9508315846244417,0.30244630329369043,0.06667481761919525,-5.241571952809905,-0.08805479967067925,0.05759892609486926,0.9944489509108418,0.5166279903226308,0.0,0.0,0.0,1.0,0.29496550801196453,-0.9529710202724473,0.0695814889473805,2.302388980384885,0.9513502143258592,0.29968824440405006,0.07155225969988613,-5.25,-0.08903998419465986,0.04509091579142193,0.9950068796383801,0.4374856156329051,0.0,0.0,0.0,1.0,3.3935261731137087,-3.8260533383646202,0.5377568755037763,3.625396623836263,-1.2120503741696333,0.15744898049529824,1.4157339352803442,-1.8877050068975325,0.7510735326347007,0.7303062122522256,-3.7055516834189364,0.1943681534719594,2.9148901883927114,-4.359368023207932,0.8683606693105366,1.6690707806877354,-1.337703504366855,0.28984163894618886,2.5604951633429422,-3.055203460027118,0.6888462665844084,0.3304674170472085,-4.302338210986283,0.40717356043753716,1.0569305362798374,-3.9739083703666322,1.1420882316184988,2.083112061173907,-1.6496538940026075,0.5956143171135129,2.238844183117347,-2.677482225580797,0.49524745856523666,1.269975361738122,-3.7581351887601855,0.19434440155106192,2.9152604760264853,-0.7516718381853922,-0.06313741136181372,2.793345767407352,-0.6864295187762282,-0.06591290221981005,1.9007898054000725,-4.169773302037139,1.0121387615276183,4.8369285507990085,-2.8294262567852213,0.4082702001346069,1.1526258140070031,-1.6547160189854404,0.51636841538711,1.5511009399193585,-4.353867359667229,0.6094709677209044,4.357323331350919,-3.1578458079764777,0.7050096988346253,4.959195131092529,-4.229198664945526,0.5918722242045561,1.4456077160576446,-0.8036815959590149,0.803052444101886,3.4525367807647718,-1.846113881409669,0.616504533089885,4.127450222282873,-2.6502991091124417,0.712285742455111,0.7924394937202249,-2.494672197827902,0.03919318368511963,2.575150825151616,-2.889391314622573,0.36403048747693817,2.243773165814461,-1.25931349590478,0.8736505835765371,1.4286406375385083,-1.5875842459134732,0.8573754059612889,2.0970159609486148,-1.4723278078682278,-0.022744218010599226,0.45504508923404985,-4.124838269396882,1.2372611648067209,2.882410779019078,-0.842898033405225,0.6775868450213464,2.5088297148848824,-1.1400031122627736,0.14260499105192492,2.618713837153533,-1.9088805043134354,0.6906964624518347,0.8498565787875414,-2.0177216397866453,0.20871705751579353,2.4229994761390854,-3.9926372946781914,0.9651149434334783,1.9227270310334976,-2.528038392706767,0.03549721145930748,2.1316689037392713,-1.1860225003865483,-0.12678768275028618,3.5941113348489693,-3.76333258634332,0.78372567599268,0.7900436130434406,-3.7063110884314985,0.19966896443660664,1.0917853430371478,-4.232241600685898,1.00241286483412,3.6457141787292953,-2.980687396349648,0.6786708276863231,4.391461061966343,-4.477513053684244,0.6184634654322717,4.665879820300743,-2.654753726511955,0.6074192311190615,4.80019410233272,-3.632245223365984,0.6193890679230993
0.46735207289643876,-0.8778915366052218,0.10434792722581951,1.811757373333162,0.8840703565632987,0.4642559594481929,-0.053721585632595145,-5.235862205367563,-0.001282421710785494,0.11735780363384803,0.9930888687931184,0.48970558666912883,0.0,0.0,0.0,1.0,0.4637102071838398,-0.8815555347610453,0.08850244564806035,1.82238898038481,0.8859869250413228,0.46140344656628507,-0.046195542561752394,-5.25,-0.00011139722495810689,0.09983335429064188,0.9950041652986873,0.42929719929502835,0.0,0.0,0.0,1.0,3.3935261731137087,-3.8260533383646202,0.5377568755037763,3.625396623836263,-1.2120503741696333,0.15744898049529824,1.4157339352803442,-1.8877050068975325,0.7510735326347007,0.7303062122522256,-3.7055516834189364,0.1943681534719594,2.9148901883927114,-4.359368023207932,0.8683606693105366,1.6690707806877354,-1.337703504366855,0.28984163894618886,2.5604951633429422,-3.055203460027118,0.6888462665844084,0.3304674170472085,-4.302338210986283,0.40717356043753716,1.0569305362798374,-3.9739083703666322,1.1420882316184988,2.083112061173907,-1.6496538940026075,0.5956143171135129,2.238844183117347,-2.677482225580797,0.49524745856523666,1.269975361738122,-3.7581351887601855,0.19434440155106192,2.9152604760264853,-0.7516718381853922,-0.06313741136181372,2.793345767407352,-0.6864295187762282,-0.06591290221981005,1.9007898054000725,-4.169773302037139,1.0121387615276183,4.8369285507990085,-2.8294262567852213,0.4082702001346069,1.1526258140070031,-1.6547160189854404,0.51636841538711,1.5511009399193585,-4.353867359667229,0.6094709677209044,4.357323331350919,-3.1578458079764777,0.7050096988346253,4.959195131092529,-4.229198664945526,0.5918722242045561,1.4456077160576446,-0.8036815959590149,0.803052444101886,3.4525367807647718,-1.846113881409669,0.616504533089885,4.127450222282873,-2.6502991091124417,0.712285742455111,0.7924394937202249,-2.494672197827902,0.03919318368511963,2.575150825151616,-2.889391314622573,0.36403048747693817,2.243773165814461,-1.25931349590478,0.8736505835765371,1.4286406375385083,-1.5875842459134732,0.8573754059612889,2.0970159609486148,-1.4723278078682278,-0.022744218010599226,0.45504508923404985,-4.124838269396882,1.2372611648067209,2.882410779019078,-0.842898033405225,0.6775868450213464,2.5088297148848824,-1.1400031122627736,0.14260499105192492,2.618713837153533,-1.9088805043134354,0.6906964624518347,0.8498565787875414,-2.0177216397866453,0.20871705751579353,2.4229994761390854,-3.9926372946781914,0.9651149434334783,1.9227270310334976,-2.528038392706767,0.03549721145930748,2.1316689037392713,-1.1860225003865483,-0.12678768275028618,3.5941113348489693,-3.76333258634332,0.78372567599268,0.7900436130434406,-3.7063110884314985,0.19966896443660664,1.0917853430371478,-4.232241600685898,1.00241286483412,3.6457141787292953,-2.980687396349648,0.6786708276863231,4.391461061966343,-4.477513053684244,0.6184634654322717,4.665879820300743,-2.654753726511955,0.6074192311190615,4.80019410233272,-3.632245223365984,0.6193890679230993
0.5963233401056629,-0.8026312111132349,-0.01347638646400103,1.324770732916745,0.7961800472231824,0.5935061964675855,-0.11767636618399588,-5.2372932131126095,0.10244904318204164,0.05944353372303137,0.9929605530178945,0.5337128808820585,0.0,0.0,0.0,1.0,0.5907826819430109,-0.806670257365633,-0.01609094770007803,1.3423889803847349,0.8019137292416765,0.589263960453791,-0.09850053687173685,-5.25,0.08893926899817979,0.04528885946870878,0.9950068972816686,0.42196297370369384,0.0,0.0,0.0,1.0,3.3935261731137087,-3.8260533383646202,0.5377568755037763,3.625396623836263,-1.2120503741696333,0.15744898049529824,1.4157339352803442,-1.8877050068975325,0.7510735326347007,0.7303062122522256,-3.7055516834189364,0.1943681534719594,2.9148901883927114,-4.359368023207932,0.8683606693105366,1.6690707806877354,-1.337703504366855,0.28984163894618886,2.5604951633429422,-3.055203460027118,0.6888462665844084,0.3304674170472085,-4.302338210986283,0.40717356043753716,1.0569305362798374,-3.9739083703666322,1.1420882316184988,2.083112061173907,-1.6496538940026075,0.5956143171135129,2.238844183117347,-2.677482225580797,0.49524745856523666,1.269975361738122,-3.7581351887601855,0.19434440155106192,2.9152604760264853,-0.7516718381853922,-0.06313741136181372,2.793345767407352,-0.6864295187762282,-0.06591290221981005,1.9007898054000725,-4.169773302037139,1.0121387615276183,4.8369285507990085,-2.8294262567852213,0.4082702001346069,1.1526258140070031,-1.6547160189854404,0.51636841538711,1.5511009399193585,-4.353867359667229,0.6094709677209044,4.357323331350919,-3.1578458079764777,0.7050096988346253,4.959195131092529,-4.229198664945526,0.5918722242045561,1.4456077160576446,-0.8036815959590149,0.803052444101886,3.4525367807647718,-1.846113881409669,0.616504533089885,4.127450222282873,-2.6502991091124417,0.712285742455111,0.7924394937202249,-2.494672197827902,0.03919318368511963,2.575150825151616,-2.889391314622573,0.36403048747693817,2.243773165814461,-1.25931349590478,0.8736505835765371,1.4286406375385083,-1.5875842459134732,0.8573754059612889,2.0970159609486148,-1.4723278078682278,-0.022744218010599226,0.45504508923404985,-4.124838269396882,1.2372611648067209,2.882410779019078,-0.842898033405225,0.6775868450213464,2.5088297148848824,-1.1400031122627736,0.14260499105192492,2.618713837153533,-1.9088805043134354,0.6906964624518347,0.8498565787875414,-2.0177216397866453,0.20871705751579353,2.4229994761390854,-3.9926372946781914,0.9651149434334783,1.9227270310334976,-2.528038392706767,0.03549721145930748,2.1316689037392713,-1.1860225003865483,-0.12678768275028618,3.5941113348489693,-3.76333258634332,0.78372567599268,0.7900436130434406,-3.7063110884314985,0.19966896443660664,1.0917853430371478,-4.232241600685898,1.00241286483412,3.6457141787292953,-2.980687396349648,0.6786708276863231,4.391461061966343,-4.477513053684244,0.6184634654322717,4.665879820300743,-2.654753726511955,0.6074192311190615,4.80019410233272,-3.632245223365984,0.6193890679230993
0.6877959135133968,-0.7233615318517455,-0.060703176122580395,0.9028704795737645,0.7256160249526356,0.6874705421415344,0.029421726998282806,-5.238293594591799,0.02044909988750164,-0.06428334095799221,0.9977221488916989,0.37697393874614743,0.0,0.0,0.0,1.0,0.6865128213867802,-0.7204642383741349,-0.09813983541631265,0.8623889803846598,0.7226075436298105,0.6910213735001833,-0.018105227289699904,-5.25,0.08086089265432654,-0.058487114733914755,0.9950079263248346,0.4155715467721767,0.0,0.0,0.0,1.0,3.3935261731137087,-3.8260533383646202,0.5377568755037763,3.625396623836263,-1.2120503741696333,0.15744898049529824,1.4157339352803442,-1.8877050068975325,0.7510735326347007,0.7303062122522256,-3.7055516834189364,0.1943681534719594,2.9148901883927114,-4.359368023207932,0.8683606693105366,1.6690707806877354,-1.337703504366855,0.28984163894618886,2.5604951633429422,-3.055203460027118,0.6888462665844084,0.3304674170472085,-4.302338210986283,0.40717356043753716,1.0569305362798374,-3.9739083703666322,1.1420882316184988,2.083112061173907,-1.6496538940026075,0.5956143171135129,2.238844183117347,-2.677482225580797,0.49524745856523666,1.269975361738122,-3.7581351887601855,0.19434440155106192,2.9152604760264853,-0.7516718381853922,-0.06313741136181372,2.793345767407352,-0.6864295187762282,-0.06591290221981005,1.9007898054000725,-4.169773302037139,1.0121387615276183,4.8369285507990085,-2.8294262567852213,0.4082702001346069,1.1526258140070031,-1.6547160189854404,0.51636841538711,1.5511009399193585,-4.353867359667229,0.6094709677209044,4.357323331350919,-3.1578458079764777,0.7050096988346253,4.959195131092529,-4.229198664945526,0.5918722242045561,1.4456077160576446,-0.8036815959590149,0.803052444101886,3.4525367807647718,-1.846113881409669,0.616504533089885,4.127450222282873,-2.6502991091124417,0.712285742455111,0.7924394937202249,-2.494672197827902,0.03919318368511963,2.575150825151616,-2.889391314622573,0.36403048747693817,2.243773165814461,-1.25931349590478,0.8736505835765371,1.4286406375385083,-1.5875842459134732,0.8573754059612889,2.0970159609486148,-1.4723278078682278,-0.022744218010599226,0.45504508923404985,-4.124838269396882,1.2372611648067209,2.882410779019078,-0.842898033405225,0.6775868450213464,2.5088297148848824,-1.1400031122627736,0.14260499105192492,2.618713837153533,-1.9088805043134354,0.6906964624518347,0.8498565787875414,-2.0177216397866453,0.20871705751579353,2.4229994761390854,-3.9926372946781914,0.9651149434334783,1.9227270310334976,-2.528038392706767,0.03549721145930748,2.1316689037392713,-1.1860225003865483,-0.12678768275028618,3.5941113348489693,-3.76333258634332,0.78372567599268,0.7900436130434406,-3.7063110884314985,0.19966896443660664,1.0917853430371478,-4.232241600685898,1.00241286483412,3.6457141787292953,-2.980687396349648,0.6786708276863231,4.391461061966343,-4.477513053684244,0.6184634654322717,4.665879820300743,-2.654753726511955,0.6074192311190615,4.80019410233272,-3.632245223365984,0.6193890679230993
