-0.8210241055130831,-0.5698044055562753,0.03524709314399565,5.843649560636886,0.5705719777397188,-0.8210681444920851,0.017167420263705067,-4.951705409352001,0.019158193668184872,0.03420586951072146,0.9992311654999496,0.5630478270912328,0.0,0.0,0.0,1.0,-0.8196735049518218,-0.5668748617940037,0.08239075400811194,5.844388089170584,0.5640644494789658,-0.8238038737045814,-0.05637796114899449,-4.957386925318315,0.09983307124388782,0.00026217428470860435,0.9950041653936215,0.5309267578419588,0.0,0.0,0.0,1.0,3.426839469781735,-3.811424337583625,0.9330380654453895,3.629666743744533,-1.2107354154166445,0.1485147271547973,1.4197607622163022,-1.894971641101876,0.9175966195007397,0.7232851147553729,-3.6985656726460987,0.275520085459476,2.900974872190597,-4.366862626852932,0.7160510194296963,1.6650730042960475,-1.3390683409221877,0.36438946713682624,0.3747249996380373,-4.328966473991882,-0.14617482968434214,1.1017619996398729,-3.979269430659646,1.4313219267732165,2.243482168752566,-2.675310709490119,0.675213286665153,1.2740868410314898,-3.757401812978266,0.15552564317341683,2.7973501131048,-0.6674221959835223,0.0187622060658586,1.8766870955486366,-4.213883479494848,0.35947533256521075,4.842241383744584,-2.828753245979676,0.37639753137658916,1.1512006592484794,-1.6525857651732991,0.41741088323219994,4.350918349660435,-3.155498747663553,0.6351333886148562,4.956992200230865,-4.229437652561521,0.5490324138809154,4.120733596416022,-2.6495093186059275,0.6904246159256373,2.2460440879780372,-1.263451756428781,0.9066838468771663,1.4503439159647349,-1.5930433634008891,1.1058947531497196,2.09660455113306,-1.4709976861061844,0.004609924841413024,2.884008551890783,-0.8403999863219722,0.724226506763137,2.5168548356385765,-1.151590296118485,0.019347922403473827,2.6217940670231514,-1.9013386154667384,0.641996836854965,0.8628788957515294,-2.034002732775783,-0.002031212753102295,2.3948124750189255,-4.0040937191396875,0.45948228231374166,2.1323097874205192,-1.200699184554841,-0.22028979239616375,1.2116166916898206,-4.203580611298968,1.73338599206446,3.638851162531841,-2.9807471615797207,0.5711248982153925,1.3141144619083789,-2.663746915811246,1.6803410259882736,4.452694445342361,-4.517939152309063,0.08064929639769547,2.1247198994953,-1.632449389039778,1.0057963333204363,0.7866644127952995,-4.149233980527395,2.592991897605728,2.4164035529412207,-4.066118917402855,1.1554688808579707,1.5626870321439064,-4.3415596107039995,0.8024456821445081,3.7678561281230962,-4.572738218357459,1.4968706278088026,3.488078876943765,-1.8417537824844963,0.936115915426215,0.2729887996902236,-3.383722481113728,1.7504858666939476,0.5352654686184577,-4.1178089744406225,1.7104119715047386,3.0162853429799146,-4.692927071819969,1.1454284049671386,1.2684160236545856,-3.965293300300093,3.2473597855293774,1.7904429706888048,-3.5789919557175764,1.71733592196742,3.023543071391877,-3.864352503183094,1.7587932362150862
-0.7834862758553436,-0.6106661817272361,-0.11504812054528402,5.663370142543179,0.6107243941207516,-0.7908876744314823,0.03888959832913287,-5.121120146080217,-0.11473870302633021,-0.03979322715034704,0.992598372505615,0.5600588682126802,0.0,0.0,0.0,1.0,-0.7822130712092692,-0.62269921039558,-0.019707983206905675,5.670335594358903,0.6213396481243503,-0.7774086414612117,-0.09784092114315733,-5.121142486161547,0.04560430788939937,-0.08877779876835241,0.9950069092965007,0.5203030412080604,0.0,0.0,0.0,1.0,3.426839469781735,-3.811424337583625,0.9330380654453895,3.629666743744533,-1.2107354154166445,0.1485147271547973,1.4197607622163022,-1.894971641101876,0.9175966195007397,0.7232851147553729,-3.6985656726460987,0.275520085459476,2.900974872190597,-4.366862626852932,0.7160510194296963,1.6650730042960475,-1.3390683409221877,0.36438946713682624,0.3747249996380373,-4.328966473991882,-0.14617482968434214,1.1017619996398729,-3.979269430659646,1.4313219267732165,2.243482168752566,-2.675310709490119,0.675213286665153,1.2740868410314898,-3.757401812978266,0.15552564317341683,2.7973501131048,-0.6674221959835223,0.0187622060658586,1.8766870955486366,-4.213883479494848,0.35947533256521075,4.842241383744584,-2.828753245979676,0.37639753137658916,1.1512006592484794,-1.6525857651732991,0.41741088323219994,4.350918349660435,-3.155498747663553,0.6351333886148562,4.956992200230865,-4.229437652561521,0.5490324138809154,4.120733596416022,-2.6495093186059275,0.6904246159256373,2.2460440879780372,-1.263451756428781,0.9066838468771663,1.4503439159647349,-1.5930433634008891,1.1058947531497196,2.09660455113306,-1.4709976861061844,0.004609924841413024,2.884008551890783,-0.8403999863219722,0.724226506763137,2.5168548356385765,-1.151590296118485,0.019347922403473827,2.6217940670231514,-1.9013386154667384,0.641996836854965,0.8628788957515294,-2.034002732775783,-0.002031212753102295,2.3948124750189255,-4.0040937191396875,0.45948228231374166,2.1323097874205192,-1.200699184554841,-0.22028979239616375,1.2116166916898206,-4.203580611298968,1.73338599206446,3.638851162531841,-2.9807471615797207,0.5711248982153925,1.3141144619083789,-2.663746915811246,1.6803410259882736,4.452694445342361,-4.517939152309063,0.08064929639769547,2.1247198994953,-1.632449389039778,1.0057963333204363,0.7866644127952995,-4.149233980527395,2.592991897605728,2.4164035529412207,-4.066118917402855,1.1554688808579707,1.5626870321439064,-4.3415596107039995,0.8024456821445081,3.7678561281230962,-4.572738218357459,1.4968706278088026,3.488078876943765,-1.8417537824844963,0.936115915426215,0.2729887996902236,-3.383722481113728,1.7504858666939476,0.5352654686184577,-4.1178089744406225,1.7104119715047386,3.0162853429799146,-4.692927071819969,1.1454284049671386,1.2684160236545856,-3.965293300300093,3.2473597855293774,1.7904429706888048,-3.5789919557175764,1.71733592196742,3.023543071391877,-3.864352503183094,1.7587932362150862
-0.7335913537844222,-0.6737069506494432,-0.08923379572430568,5.447301506253243,0.6738358008342783,-0.7381333906085606,0.03323268244871949,-5.221346508000179,-0.08825553334928139,-0.03574971769592589,0.9954561359085073,0.5661661058026196,0.0,0.0,0.0,1.0,-0.7399776329784935,-0.6655130942182677,-0.09759827926543162,5.453606778121827,0.6700778040214184,-0.7419985978318241,-0.020828283017104647,-5.221833969762334,-0.058556291287781934,-0.0808109042124528,0.9950079188182305,0.5094340348578613,0.0,0.0,0.0,1.0,3.426839469781735,-3.811424337583625,0.9330380654453895,3.629666743744533,-1.2107354154166445,0.1485147271547973,1.4197607622163022,-1.894971641101876,0.9175966195007397,0.7232851147553729,-3.6985656726460987,0.275520085459476,2.900974872190597,-4.366862626852932,0.7160510194296963,1.6650730042960475,-1.3390683409221877,0.36438946713682624,0.3747249996380373,-4.328966473991882,-0.14617482968434214,1.1017619996398729,-3.979269430659646,1.4313219267732165,2.243482168752566,-2.675310709490119,0.675213286665153,1.2740868410314898,-3.757401812978266,0.15552564317341683,2.7973501131048,-0.6674221959835223,0.0187622060658586,1.8766870955486366,-4.213883479494848,0.35947533256521075,4.842241383744584,-2.828753245979676,0.37639753137658916,1.1512006592484794,-1.6525857651732991,0.41741088323219994,4.350918349660435,-3.155498747663553,0.6351333886148562,4.956992200230865,-4.229437652561521,0.5490324138809154,4.120733596416022,-2.6495093186059275,0.6904246159256373,2.2460440879780372,-1.263451756428781,0.9066838468771663,1.4503439159647349,-1.5930433634008891,1.1058947531497196,2.09660455113306,-1.4709976861061844,0.004609924841413024,2.884008551890783,-0.8403999863219722,0.724226506763137,2.5168548356385765,-1.151590296118485,0.019347922403473827,2.6217940670231514,-1.9013386154667384,0.641996836854965,0.8628788957515294,-2.034002732775783,-0.002031212753102295,2.3948124750189255,-4.0040937191396875,0.45948228231374166,2.1323097874205192,-1.200699184554841,-0.22028979239616375,1.2116166916898206,-4.203580611298968,1.73338599206446,3.638851162531841,-2.9807471615797207,0.5711248982153925,1.3141144619083789,-2.663746915811246,1.6803410259882736,4.452694445342361,-4.517939152309063,0.08064929639769547,2.1247198994953,-1.632449389039778,1.0057963333204363,0.7866644127952995,-4.149233980527395,2.592991897605728,2.4164035529412207,-4.066118917402855,1.1554688808579707,1.5626870321439064,-4.3415596107039995,0.8024456821445081,3.7678561281230962,-4.572738218357459,1.4968706278088026,3.488078876943765,-1.8417537824844963,0.936115915426215,0.2729887996902236,-3.383722481113728,1.7504858666939476,0.5352654686184577,-4.1178089744406225,1.7104119715047386,3.0162853429799146,-4.692927071819969,1.1454284049671386,1.2684160236545856,-3.965293300300093,3.2473597855293774,1.7904429706888048,-3.5789919557175764,1.71733592196742,3.023543071391877,-3.864352503183094,1.7587932362150862
-0.6888805511073285,-0.7248207360171606,-0.008859285840579406,5.1825336197257155,0.7231272191425506,-0.6880165223390552,0.06099417942423794,-5.246076667582372,-0.05030518105748172,0.03561131320262094,0.9980988042928213,0.5367966027355664,0.0,0.0,0.0,1.0,-0.6928441091868152,-0.7187834973060234,-0.05759621832769374,5.182388980384939,0.714308613029822,-0.6950644492030594,0.08153905080058557,-5.25,-0.09864200786957597,0.015352376186452424,0.9950045521649075,0.4984510519013923,0.0,0.0,0.0,1.0,3.426839469781735,-3.811424337583625,0.9330380654453895,3.629666743744533,-1.2107354154166445,0.1485147271547973,1.4197607622163022,-1.894971641101876,0.9175966195007397,0.7232851147553729,-3.6985656726460987,0.275520085459476,2.900974872190597,-4.366862626852932,0.7160510194296963,1.6650730042960475,-1.3390683409221877,0.36438946713682624,0.3747249996380373,-4.328966473991882,-0.14617482968434214,1.1017619996398729,-3.979269430659646,1.4313219267732165,2.243482168752566,-2.675310709490119,0.675213286665153,1.2740868410314898,-3.757401812978266,0.15552564317341683,2.7973501131048,-0.6674221959835223,0.0187622060658586,1.8766870955486366,-4.213883479494848,0.35947533256521075,4.842241383744584,-2.828753245979676,0.37639753137658916,1.1512006592484794,-1.6525857651732991,0.41741088323219994,4.350918349660435,-3.155498747663553,0.6351333886148562,4.956992200230865,-4.229437652561521,0.5490324138809154,4.120733596416022,-2.6495093186059275,0.6904246159256373,2.2460440879780372,-1.263451756428781,0.9066838468771663,1.4503439159647349,-1.5930433634008891,1.1058947531497196,2.09660455113306,-1.4709976861061844,0.004609924841413024,2.884008551890783,-0.8403999863219722,0.724226506763137,2.5168548356385765,-1.151590296118485,0.019347922403473827,2.6217940670231514,-1.9013386154667384,0.641996836854965,0.8628788957515294,-2.034002732775783,-0.002031212753102295,2.3948124750189255,-4.0040937191396875,0.45948228231374166,2.1323097874205192,-1.200699184554841,-0.22028979239616375,1.2116166916898206,-4.203580611298968,1.73338599206446,3.638851162531841,-2.9807471615797207,0.5711248982153925,1.3141144619083789,-2.663746915811246,1.6803410259882736,4.452694445342361,-4.517939152309063,0.08064929639769547,2.1247198994953,-1.632449389039778,1.0057963333204363,0.7866644127952995,-4.149233980527395,2.592991897605728,2.4164035529412207,-4.066118917402855,1.1554688808579707,1.5626870321439064,-4.3415596107039995,0.8024456821445081,3.7678561281230962,-4.572738218357459,1.4968706278088026,3.488078876943765,-1.8417537824844963,0.936115915426215,0.2729887996902236,-3.383722481113728,1.7504858666939476,0.5352654686184577,-4.1178089744406225,1.7104119715047386,3.0162853429799146,-4.692927071819969,1.1454284049671386,1.2684160236545856,-3.965293300300093,3.2473597855293774,1.7904429706888048,-3.5789919557175764,1.71733592196742,3.023543071391877,-3.864352503183094,1.7587932362150862
-0.5935582936178263,-0.8042400554024114,0.029773904074230022,4.689079305652794,0.8028465877315099,-0.5891487283572373,0.09132980040995656,-5.25261428873293,-0.055909826018031426,0.07811343777723112,0.9953754980876592,0.5426514519469214,0.0,0.0,0.0,1.0,-0.6030803013251463,-0.7956409868090059,0.057005002088956605,4.702388980384949,0.7970744016885888,-0.5982960397488595,0.0819405088683805,-5.25,-0.031089360339972158,0.09485393471239059,0.9950056194530909,0.4874867824487662,0.0,0.0,0.0,1.0,3.426839469781735,-3.811424337583625,0.9330380654453895,3.629666743744533,-1.2107354154166445,0.1485147271547973,1.4197607622163022,-1.894971641101876,0.9175966195007397,0.7232851147553729,-3.6985656726460987,0.275520085459476,2.900974872190597,-4.366862626852932,0.7160510194296963,1.6650730042960475,-1.3390683409221877,0.36438946713682624,0.3747249996380373,-4.328966473991882,-0.14617482968434214,1.1017619996398729,-3.979269430659646,1.4313219267732165,2.243482168752566,-2.675310709490119,0.675213286665153,1.2740868410314898,-3.757401812978266,0.15552564317341683,2.7973501131048,-0.6674221959835223,0.0187622060658586,1.8766870955486366,-4.213883479494848,0.35947533256521075,4.842241383744584,-2.828753245979676,0.37639753137658916,1.1512006592484794,-1.6525857651732991,0.41741088323219994,4.350918349660435,-3.155498747663553,0.6351333886148562,4.956992200230865,-4.229437652561521,0.5490324138809154,4.120733596416022,-2.6495093186059275,0.6904246159256373,2.2460440879780372,-1.263451756428781,0.9066838468771663,1.4503439159647349,-1.5930433634008891,1.1058947531497196,2.09660455113306,-1.4709976861061844,0.004609924841413024,2.884008551890783,-0.8403999863219722,0.724226506763137,2.5168548356385765,-1.151590296118485,0.019347922403473827,2.6217940670231514,-1.9013386154667384,0.641996836854965,0.8628788957515294,-2.034002732775783,-0.002031212753102295,2.3948124750189255,-4.0040937191396875,0.45948228231374166,2.1323097874205192,-1.200699184554841,-0.22028979239616375,1.2116166916898206,-4.203580611298968,1.73338599206446,3.638851162531841,-2.9807471615797207,0.5711248982153925,1.3141144619083789,-2.663746915811246,1.6803410259882736,4.452694445342361,-4.517939152309063,0.08064929639769547,2.1247198994953,-1.632449389039778,1.0057963333204363,0.7866644127952995,-4.149233980527395,2.592991897605728,2.4164035529412207,-4.066118917402855,1.1554688808579707,1.5626870321439064,-4.3415596107039995,0.8024456821445081,3.7678561281230962,-4.572738218357459,1.4968706278088026,3.488078876943765,-1.8417537824844963,0.936115915426215,0.2729887996902236,-3.383722481113728,1.7504858666939476,0.5352654686184577,-4.1178089744406225,1.7104119715047386,3.0162853429799146,-4.692927071819969,1.1454284049671386,1.2684160236545856,-3.965293300300093,3.2473597855293774,1.7904429706888048,-3.5789919557175764,1.71733592196742,3.023543071391877,-3.864352503183094,1.7587932362150862
-0.4610251199615066,-0.8811862012165793,0.10472209676077257,4.228062840649054,0.8867270473547647,-0.46201384960340985,0.016073153521850403,-5.2276486679266245,0.03421961796949527,0.10027004318405058,0.9943716288118286,0.6728160463113563,0.0,0.0,0.0,1.0,-0.4761930485903876,-0.8741091503923984,0.09577773057695878,4.2223889803849595,0.8765085226725048,-0.4805702400186648,-0.02801881672851777,-5.25,0.07051943105737705,0.07060763137708709,0.9950083277212615,0.47667369052425995,0.0,0.0,0.0,1.0,3.426839469781735,-3.811424337583625,0.9330380654453895,3.629666743744533,-1.2107354154166445,0.1485147271547973,1.4197607622163022,-1.894971641101876,0.9175966195007397,0.7232851147553729,-3.6985656726460987,0.275520085459476,2.900974872190597,-4.366862626852932,0.7160510194296963,1.6650730042960475,-1.3390683409221877,0.36438946713682624,0.3747249996380373,-4.328966473991882,-0.14617482968434214,1.1017619996398729,-3.979269430659646,1.4313219267732165,2.243482168752566,-2.675310709490119,0.675213286665153,1.2740868410314898,-3.757401812978266,0.15552564317341683,2.7973501131048,-0.6674221959835223,0.0187622060658586,1.8766870955486366,-4.213883479494848,0.35947533256521075,4.842241383744584,-2.828753245979676,0.37639753137658916,1.1512006592484794,-1.6525857651732991,0.41741088323219994,4.350918349660435,-3.155498747663553,0.6351333886148562,4.956992200230865,-4.229437652561521,0.5490324138809154,4.120733596416022,-2.6495093186059275,0.6904246159256373,2.2460440879780372,-1.263451756428781,0.9066838468771663,1.4503439159647349,-1.5930433634008891,1.1058947531497196,2.09660455113306,-1.4709976861061844,0.004609924841413024,2.884008551890783,-0.8403999863219722,0.724226506763137,2.5168548356385765,-1.151590296118485,0.019347922403473827,2.6217940670231514,-1.9013386154667384,0.641996836854965,0.8628788957515294,-2.034002732775783,-0.002031212753102295,2.3948124750189255,-4.0040937191396875,0.45948228231374166,2.1323097874205192,-1.200699184554841,-0.22028979239616375,1.2116166916898206,-4.203580611298968,1.73338599206446,3.638851162531841,-2.9807471615797207,0.5711248982153925,1.3141144619083789,-2.663746915811246,1.6803410259882736,4.452694445342361,-4.517939152309063,0.08064929639769547,2.1247198994953,-1.632449389039778,1.0057963333204363,0.7866644127952995,-4.149233980527395,2.592991897605728,2.4164035529412207,-4.066118917402855,1.1554688808579707,1.5626870321439064,-4.3415596107039995,0.8024456821445081,3.7678561281230962,-4.572738218357459,1.4968706278088026,3.488078876943765,-1.8417537824844963,0.936115915426215,0.2729887996902236,-3.383722481113728,1.7504858666939476,0.5352654686184577,-4.1178089744406225,1.7104119715047386,3.0162853429799146,-4.692927071819969,1.1454284049671386,1.2684160236545856,-3.965293300300093,3.2473597855293774,1.7904429706888048,-3.5789919557175764,1.71733592196742,3.023543071391877,-3.864352503183094,1.7587932362150862
-0.2893544468697795,-0.9528046000803647,0.09185531091004051,3.732684105885197,0.9538560720541899,-0.29504663686137467,-0.0557321799514875,-5.2443985911333355,0.08020347799214748,0.07149039195925787,0.9942115096776312,0.7247159630706479,0.0,0.0,0.0,1.0,-0.3119176143748007,-0.9501089803123712,0.0005721647663100571,3.7423889803849697,0.9453462415072087,-0.3104141341907767,-0.09981757842577278,-5.25,0.0950151856859097,-0.03059396712388253,0.9950055897655524,0.46614241371183535,0.0,0.0,0.0,1.0,3.426839469781735,-3.811424337583625,0.9330380654453895,3.629666743744533,-1.2107354154166445,0.1485147271547973,1.4197607622163022,-1.894971641101876,0.9175966195007397,0.7232851147553729,-3.6985656726460987,0.275520085459476,2.900974872190597,-4.366862626852932,0.7160510194296963,1.6650730042960475,-1.3390683409221877,0.36438946713682624,0.3747249996380373,-4.328966473991882,-0.14617482968434214,1.1017619996398729,-3.979269430659646,1.4313219267732165,2.243482168752566,-2.675310709490119,0.675213286665153,1.2740868410314898,-3.757401812978266,0.15552564317341683,2.7973501131048,-0.6674221959835223,0.0187622060658586,1.8766870955486366,-4.213883479494848,0.35947533256521075,4.842241383744584,-2.828753245979676,0.37639753137658916,1.1512006592484794,-1.6525857651732991,0.41741088323219994,4.350918349660435,-3.155498747663553,0.6351333886148562,4.956992200230865,-4.229437652561521,0.5490324138809154,4.120733596416022,-2.6495093186059275,0.6904246159256373,2.2460440879780372,-1.263451756428781,0.9066838468771663,1.4503439159647349,-1.5930433634008891,1.1058947531497196,2.09660455113306,-1.4709976861061844,0.004609924841413024,2.884008551890783,-0.8403999863219722,0.724226506763137,2.5168548356385765,-1.151590296118485,0.019347922403473827,2.6217940670231514,-1.9013386154667384,0.641996836854965,0.8628788957515294,-2.034002732775783,-0.002031212753102295,2.3948124750189255,-4.0040937191396875,0.45948228231374166,2.1323097874205192,-1.200699184554841,-0.22028979239616375,1.2116166916898206,-4.203580611298968,1.73338599206446,3.638851162531841,-2.9807471615797207,0.5711248982153925,1.3141144619083789,-2.663746915811246,1.6803410259882736,4.452694445342361,-4.517939152309063,0.08064929639769547,2.1247198994953,-1.632449389039778,1.0057963333204363,0.7866644127952995,-4.149233980527395,2.592991897605728,2.4164035529412207,-4.066118917402855,1.1554688808579707,1.5626870321439064,-4.3415596107039995,0.8024456821445081,3.7678561281230962,-4.572738218357459,1.4968706278088026,3.488078876943765,-1.8417537824844963,0.936115915426215,0.2729887996902236,-3.383722481113728,1.7504858666939476,0.5352654686184577,-4.1178089744406225,1.7104119715047386,3.0162853429799146,-4.692927071819969,1.1454284049671386,1.2684160236545856,-3.965293300300093,3.2473597855293774,1.7904429706888048,-3.5789919557175764,1.71733592196742,3.023543071391877,-3.864352503183094,1.7587932362150862
-0.1036583921087176,-0.9934690580645896,0.04768824188090322,3.2574819004447884,0.9799700588504424,-0.11021183818644283,-0.1658675208720054,-5.230888729152931,0.17004005852179385,0.029539488685851607,0.984994313235403,0.6238276541163263,0.0,0.0,0.0,1.0,-0.11581789244256357,-0.9886107237192896,-0.09609918177271318,3.26238898038498,0.9931448249595964,-0.1137211707043847,-0.02703427434935938,-5.25,0.01579786207481959,-0.09857145773927856,0.9950045704784569,0.4560201848666656,0.0,0.0,0.0,1.0,3.426839469781735,-3.811424337583625,0.9330380654453895,3.629666743744533,-1.2107354154166445,0.1485147271547973,1.4197607622163022,-1.894971641101876,0.9175966195007397,0.7232851147553729,-3.6985656726460987,0.275520085459476,2.900974872190597,-4.366862626852932,0.7160510194296963,1.6650730042960475,-1.3390683409221877,0.36438946713682624,0.3747249996380373,-4.328966473991882,-0.14617482968434214,1.1017619996398729,-3.979269430659646,1.4313219267732165,2.243482168752566,-2.675310709490119,0.675213286665153,1.2740868410314898,-3.757401812978266,0.15552564317341683,2.7973501131048,-0.6674221959835223,0.0187622060658586,1.8766870955486366,-4.213883479494848,0.35947533256521075,4.842241383744584,-2.828753245979676,0.37639753137658916,1.1512006592484794,-1.6525857651732991,0.41741088323219994,4.350918349660435,-3.155498747663553,0.6351333886148562,4.956992200230865,-4.229437652561521,0.5490324138809154,4.120733596416022,-2.6495093186059275,0.6904246159256373,2.2460440879780372,-1.263451756428781,0.9066838468771663,1.4503439159647349,-1.5930433634008891,1.1058947531497196,2.09660455113306,-1.4709976861061844,0.004609924841413024,2.884008551890783,-0.8403999863219722,0.724226506763137,2.5168548356385765,-1.151590296118485,0.019347922403473827,2.6217940670231514,-1.9013386154667384,0.641996836854965,0.8628788957515294,-2.034002732775783,-0.002031212753102295,2.3948124750189255,-4.0040937191396875,0.45948228231374166,2.1323097874205192,-1.200699184554841,-0.22028979239616375,1.2116166916898206,-4.203580611298968,1.73338599206446,3.638851162531841,-2.9807471615797207,0.5711248982153925,1.3141144619083789,-2.663746915811246,1.6803410259882736,4.452694445342361,-4.517939152309063,0.08064929639769547,2.1247198994953,-1.632449389039778,1.0057963333204363,0.7866644127952995,-4.149233980527395,2.592991897605728,2.4164035529412207,-4.066118917402855,1.1554688808579707,1.5626870321439064,-4.3415596107039995,0.8024456821445081,3.7678561281230962,-4.572738218357459,1.4968706278088026,3.488078876943765,-1.8417537824844963,0.936115915426215,0.2729887996902236,-3.383722481113728,1.7504858666939476,0.5352654686184577,-4.1178089744406225,1.7104119715047386,3.0162853429799146,-4.692927071819969,1.1454284049671386,1.2684160236545856,-3.965293300300093,3.2473597855293774,1.7904429706888048,-3.5789919557175764,1.71733592196742,3.023543071391877,-3.864352503183094,1.7587932362150862
0.09936341333075142,-0.9949171742533486,0.016331823749775733,2.7808549377332468,0.9939242725627664,0.0984565869165394,-0.04920204165804937,-5.227235980058314,0.04734398062939666,0.02112147884210478,0.9986553112208864,0.6365480430930799,0.0,0.0,0.0,1.0,0.09595260078852752,-0.9940873462240558,-0.05082761532013793,2.78238898038496,0.9921067056075912,0.09137027019569488,0.08588223572321743,-5.25,-0.08073031085267815,-0.05866704186832808,0.9950079372085682,0.4464292949606454,0.0,0.0,0.0,1.0,3.426839469781735,-3.811424337583625,0.9330380654453895,3.629666743744533,-1.2107354154166445,0.1485147271547973,1.4197607622163022,-1.894971641101876,0.9175966195007397,0.7232851147553729,-3.6985656726460987,0.275520085459476,2.900974872190597,-4.366862626852932,0.7160510194296963,1.6650730042960475,-1.3390683409221877,0.36438946713682624,0.3747249996380373,-4.328966473991882,-0.14617482968434214,1.1017619996398729,-3.979269430659646,1.4313219267732165,2.243482168752566,-2.675310709490119,0.675213286665153,1.2740868410314898,-3.757401812978266,0.15552564317341683,2.7973501131048,-0.6674221959835223,0.0187622060658586,1.8766870955486366,-4.213883479494848,0.35947533256521075,4.842241383744584,-2.828753245979676,0.37639753137658916,1.1512006592484794,-1.6525857651732991,0.41741088323219994,4.350918349660435,-3.155498747663553,0.6351333886148562,4.956992200230865,-4.229437652561521,0.5490324138809154,4.120733596416022,-2.6495093186059275,0.6904246159256373,2.2460440879780372,-1.263451756428781,0.9066838468771663,1.4503439159647349,-1.5930433634008891,1.1058947531497196,2.09660455113306,-1.4709976861061844,0.004609924841413024,2.884008551890783,-0.8403999863219722,0.724226506763137,2.5168548356385765,-1.151590296118485,0.019347922403473827,2.6217940670231514,-1.9013386154667384,0.641996836854965,0.8628788957515294,-2.034002732775783,-0.002031212753102295,2.3948124750189255,-4.0040937191396875,0.45948228231374166,2.1323097874205192,-1.200699184554841,-0.22028979239616375,1.2116166916898206,-4.203580611298968,1.73338599206446,3.638851162531841,-2.9807471615797207,0.5711248982153925,1.3141144619083789,-2.663746915811246,1.6803410259882736,4.452694445342361,-4.517939152309063,0.08064929639769547,2.1247198994953,-1.632449389039778,1.0057963333204363,0.7866644127952995,-4.149233980527395,2.592991897605728,2.4164035529412207,-4.066118917402855,1.1554688808579707,1.5626870321439064,-4.3415596107039995,0.8024456821445081,3.7678561281230962,-4.572738218357459,1.4968706278088026,3.488078876943765,-1.8417537824844963,0.936115915426215,0.2729887996902236,-3.383722481113728,1.7504858666939476,0.5352654686184577,-4.1178089744406225,1.7104119715047386,3.0162853429799146,-4.692927071819969,1.1454284049671386,1.2684160236545856,-3.965293300300093,3.2473597855293774,1.7904429706888048,-3.5789919557175764,1.71733592196742,3.023543071391877,-3.864352503183094,1.7587932362150862
0.2941126682633994,-0.9504867161489273,0.10036304494888794,2.309688593551116,0.9474302615555716,0.3037764576526365,0.10047767545458537,-5.228246569421635,-0.12599062606291195,0.06553522869758655,0.9898643826018956,0.6291451790034668,0.0,0.0,0.0,1.0,0.29496550801196453,-0.9529710202724473,0.0695814889473805,2.302388980384885,0.9513502143258592,0.29968824440405006,0.07155225969988613,-5.25,-0.08903998419465986,0.04509091579142193,0.9950068796383801,0.4374856156329051,0.0,0.0,0.0,1.0,3.426839469781735,-3.811424337583625,0.9330380654453895,3.629666743744533,-1.2107354154166445,0.1485147271547973,1.4197607622163022,-1.894971641101876,0.9175966195007397,0.7232851147553729,-3.6985656726460987,0.275520085459476,2.900974872190597,-4.366862626852932,0.7160510194296963,1.6650730042960475,-1.3390683409221877,0.36438946713682624,0.3747249996380373,-4.328966473991882,-0.14617482968434214,1.1017619996398729,-3.979269430659646,1.4313219267732165,2.243482168752566,-2.675310709490119,0.675213286665153,1.2740868410314898,-3.757401812978266,0.15552564317341683,2.7973501131048,-0.6674221959835223,0.0187622060658586,1.8766870955486366,-4.213883479494848,0.35947533256521075,4.842241383744584,-2.828753245979676,0.37639753137658916,1.1512006592484794,-1.6525857651732991,0.41741088323219994,4.350918349660435,-3.155498747663553,0.6351333886148562,4.956992200230865,-4.229437652561521,0.5490324138809154,4.120733596416022,-2.6495093186059275,0.6904246159256373,2.2460440879780372,-1.263451756428781,0.9066838468771663,1.4503439159647349,-1.5930433634008891,1.1058947531497196,2.09660455113306,-1.4709976861061844,0.004609924841413024,2.884008551890783,-0.8403999863219722,0.724226506763137,2.5168548356385765,-1.151590296118485,0.019347922403473827,2.6217940670231514,-1.9013386154667384,0.641996836854965,0.8628788957515294,-2.034002732775783,-0.002031212753102295,2.3948124750189255,-4.0040937191396875,0.45948228231374166,2.1323097874205192,-1.200699184554841,-0.22028979239616375,1.2116166916898206,-4.203580611298968,1.73338599206446,3.638851162531841,-2.9807471615797207,0.5711248982153925,1.3141144619083789,-2.663746915811246,1.6803410259882736,4.452694445342361,-4.517939152309063,0.08064929639769547,2.1247198994953,-1.632449389039778,1.0057963333204363,0.7866644127952995,-4.149233980527395,2.592991897605728,2.4164035529412207,-4.066118917402855,1.1554688808579707,1.5626870321439064,-4.3415596107039995,0.8024456821445081,3.7678561281230962,-4.572738218357459,1.4968706278088026,3.488078876943765,-1.8417537824844963,0.936115915426215,0.2729887996902236,-3.383722481113728,1.7504858666939476,0.5352654686184577,-4.1178089744406225,1.7104119715047386,3.0162853429799146,-4.692927071819969,1.1454284049671386,1.2684160236545856,-3.965293300300093,3.2473597855293774,1.7904429706888048,-3.5789919557175764,1.71733592196742,3.023543071391877,-3.864352503183094,1.7587932362150862
0.4583155523869407,-0.8797514458757669,0.12642882550964935,1.8251727703025198,0.8816347614686336,0.4680159690439539,0.060672894194963516,-5.228412645707589,-0.11254777567947413,0.08365671640308012,0.9901184535146577,0.674912779190465,0.0,0.0,0.0,1.0,0.4637102071838398,-0.8815555347610453,0.08850244564806035,1.82238898038481,0.8859869250413228,0.46140344656628507,-0.046195542561752394,-5.25,-0.00011139722495810689,0.09983335429064188,0.9950041652986873,0.42929719929502835,0.0,0.0,0.0,1.0,3.426839469781735,-3.811424337583625,0.9330380654453895,3.629666743744533,-1.2107354154166445,0.1485147271547973,1.4197607622163022,-1.894971641101876,0.9175966195007397,0.7232851147553729,-3.6985656726460987,0.275520085459476,2.900974872190597,-4.366862626852932,0.7160510194296963,1.6650730042960475,-1.3390683409221877,0.36438946713682624,0.3747249996380373,-4.328966473991882,-0.14617482968434214,1.1017619996398729,-3.979269430659646,1.4313219267732165,2.243482168752566,-2.675310709490119,0.675213286665153,1.2740868410314898,-3.757401812978266,0.15552564317341683,2.7973501131048,-0.6674221959835223,0.0187622060658586,1.8766870955486366,-4.213883479494848,0.35947533256521075,4.842241383744584,-2.828753245979676,0.37639753137658916,1.1512006592484794,-1.6525857651732991,0.41741088323219994,4.350918349660435,-3.155498747663553,0.6351333886148562,4.956992200230865,-4.229437652561521,0.5490324138809154,4.120733596416022,-2.6495093186059275,0.6904246159256373,2.2460440879780372,-1.263451756428781,0.9066838468771663,1.4503439159647349,-1.5930433634008891,1.1058947531497196,2.09660455113306,-1.4709976861061844,0.004609924841413024,2.884008551890783,-0.8403999863219722,0.724226506763137,2.5168548356385765,-1.151590296118485,0.019347922403473827,2.6217940670231514,-1.9013386154667384,0.641996836854965,0.8628788957515294,-2.034002732775783,-0.002031212753102295,2.3948124750189255,-4.0040937191396875,0.45948228231374166,2.1323097874205192,-1.200699184554841,-0.22028979239616375,1.2116166916898206,-4.203580611298968,1.73338599206446,3.638851162531841,-2.9807471615797207,0.5711248982153925,1.3141144619083789,-2.663746915811246,1.6803410259882736,4.452694445342361,-4.517939152309063,0.08064929639769547,2.1247198994953,-1.632449389039778,1.0057963333204363,0.7866644127952995,-4.149233980527395,2.592991897605728,2.4164035529412207,-4.066118917402855,1.1554688808579707,1.5626870321439064,-4.3415596107039995,0.8024456821445081,3.7678561281230962,-4.572738218357459,1.4968706278088026,3.488078876943765,-1.8417537824844963,0.936115915426215,0.2729887996902236,-3.383722481113728,1.7504858666939476,0.5352654686184577,-4.1178089744406225,1.7104119715047386,3.0162853429799146,-4.692927071819969,1.1454284049671386,1.2684160236545856,-3.965293300300093,3.2473597855293774,1.7904429706888048,-3.5789919557175764,1.71733592196742,3.023543071391877,-3.864352503183094,1.7587932362150862
0.5780990553427376,-0.8053582140231982,0.13114735726349835,1.345959621334928,0.7979851630899395,0.5915654209294753,0.1151956259970635,-5.230756923505351,-0.17035598521964915,0.038059162706209494,0.9846473167758825,0.6731196575531477,0.0,0.0,0.0,1.0,0.5907826819430109,-0.806670257365633,-0.01609094770007803,1.3423889803847349,0.8019137292416765,0.589263960453791,-0.09850053687173685,-5.25,0.08893926899817979,0.04528885946870878,0.9950068972816686,0.42196297370369384,0.0,0.0,0.0,1.0,3.426839469781735,-3.811424337583625,0.9330380654453895,3.629666743744533,-1.2107354154166445,0.1485147271547973,1.4197607622163022,-1.894971641101876,0.9175966195007397,0.7232851147553729,-3.6985656726460987,0.275520085459476,2.900974872190597,-4.366862626852932,0.7160510194296963,1.6650730042960475,-1.3390683409221877,0.36438946713682624,0.3747249996380373,-4.328966473991882,-0.14617482968434214,1.1017619996398729,-3.979269430659646,1.4313219267732165,2.243482168752566,-2.675310709490119,0.675213286665153,1.2740868410314898,-3.757401812978266,0.15552564317341683,2.7973501131048,-0.6674221959835223,0.0187622060658586,1.8766870955486366,-4.213883479494848,0.35947533256521075,4.842241383744584,-2.828753245979676,0.37639753137658916,1.1512006592484794,-1.6525857651732991,0.41741088323219994,4.350918349660435,-3.155498747663553,0.6351333886148562,4.956992200230865,-4.229437652561521,0.5490324138809154,4.120733596416022,-2.6495093186059275,0.6904246159256373,2.2460440879780372,-1.263451756428781,0.9066838468771663,1.4503439159647349,-1.5930433634008891,1.1058947531497196,2.09660455113306,-1.4709976861061844,0.004609924841413024,2.884008551890783,-0.8403999863219722,0.724226506763137,2.5168548356385765,-1.151590296118485,0.019347922403473827,2.6217940670231514,-1.9013386154667384,0.641996836854965,0.8628788957515294,-2.034002732775783,-0.002031212753102295,2.3948124750189255,-4.0040937191396875,0.45948228231374166,2.1323097874205192,-1.200699184554841,-0.22028979239616375,1.2116166916898206,-4.203580611298968,1.73338599206446,3.638851162531841,-2.9807471615797207,0.5711248982153925,1.3141144619083789,-2.663746915811246,1.6803410259882736,4.452694445342361,-4.517939152309063,0.08064929639769547,2.1247198994953,-1.632449389039778,1.0057963333204363,0.7866644127952995,-4.149233980527395,2.592991897605728,2.4164035529412207,-4.066118917402855,1.1554688808579707,1.5626870321439064,-4.3415596107039995,0.8024456821445081,3.7678561281230962,-4.572738218357459,1.4968706278088026,3.488078876943765,-1.8417537824844963,0.936115915426215,0.2729887996902236,-3.383722481113728,1.7504858666939476,0.5352654686184577,-4.1178089744406225,1.7104119715047386,3.0162853429799146,-4.692927071819969,1.1454284049671386,1.2684160236545856,-3.965293300300093,3.2473597855293774,1.7904429706888048,-3.5789919557175764,1.71733592196742,3.023543071391877,-3.864352503183094,1.7587932362150862
0.6951063897383302,-0.7163989697301378,-0.05999685920564439,0.8445533253794066,0.7121296088912618,0.6975838277228508,-0.07904570475310121,-5.2096331310169735,0.09848110014273677,0.012219634574430536,0.9950638941523021,0.7575938524542017,0.0,0.0,0.0,1.0,0.6865128213867802,-0.7204642383741349,-0.09813983541631265,0.8623889803846598,0.7226075436298105,0.6910213735001833,-0.018105227289699904,-5.25,0.08086089265432654,-0.058487114733914755,0.9950079263248346,0.4155715467721767,0.0,0.0,0.0,1.0,3.426839469781735,-3.811424337583625,0.9330380654453895,3.629666743744533,-1.2107354154166445,0.1485147271547973,1.4197607622163022,-1.894971641101876,0.9175966195007397,0.7232851147553729,-3.6985656726460987,0.275520085459476,2.900974872190597,-4.366862626852932,0.7160510194296963,1.6650730042960475,-1.3390683409221877,0.36438946713682624,0.3747249996380373,-4.328966473991882,-0.14617482968434214,1.1017619996398729,-3.979269430659646,1.4313219267732165,2.243482168752566,-2.675310709490119,0.675213286665153,1.2740868410314898,-3.757401812978266,0.15552564317341683,2.7973501131048,-0.6674221959835223,0.0187622060658586,1.8766870955486366,-4.213883479494848,0.35947533256521075,4.842241383744584,-2.828753245979676,0.37639753137658916,1.1512006592484794,-1.6525857651732991,0.41741088323219994,4.350918349660435,-3.155498747663553,0.6351333886148562,4.956992200230865,-4.229437652561521,0.5490324138809154,4.120733596416022,-2.6495093186059275,0.6904246159256373,2.2460440879780372,-1.263451756428781,0.9066838468771663,1.4503439159647349,-1.5930433634008891,1.1058947531497196,2.09660455113306,-1.4709976861061844,0.004609924841413024,2.884008551890783,-0.8403999863219722,0.724226506763137,2.5168548356385765,-1.151590296118485,0.019347922403473827,2.6217940670231514,-1.9013386154667384,0.641996836854965,0.8628788957515294,-2.034002732775783,-0.002031212753102295,2.3948124750189255,-4.0040937191396875,0.45948228231374166,2.1323097874205192,-1.200699184554841,-0.22028979239616375,1.2116166916898206,-4.203580611298968,1.73338599206446,3.638851162531841,-2.9807471615797207,0.5711248982153925,1.3141144619083789,-2.663746915811246,1.6803410259882736,4.452694445342361,-4.517939152309063,0.08064929639769547,2.1247198994953,-1.632449389039778,1.0057963333204363,0.7866644127952995,-4.149233980527395,2.592991897605728,2.4164035529412207,-4.066118917402855,1.1554688808579707,1.5626870321439064,-4.3415596107039995,0.8024456821445081,3.7678561281230962,-4.572738218357459,1.4968706278088026,3.488078876943765,-1.8417537824844963,0.936115915426215,0.2729887996902236,-3.383722481113728,1.7504858666939476,0.5352654686184577,-4.1178089744406225,1.7104119715047386,3.0162853429799146,-4.692927071819969,1.1454284049671386,1.2684160236545856,-3.965293300300093,3.2473597855293774,1.7904429706888048,-3.5789919557175764,1.71733592196742,3.023543071391877,-3.864352503183094,1.7587932362150862
