D: 0.0, R: [[0.9959617494663311, -0.08977858096431296, 0.0], [0.0897785809643129, 0.995961749466331, 0.0], [0.0, 0.0, 1.0]], t: [0.16648236000598127, -0.149594822299838, 0.0], theta_Rho: [[-0.9080268144607544, 1.8677269220352173]], theta_Rho_prime: [[-0.9979264736175537, 1.8677269220352173]]
D: 0.0, R: [[0.9979194692834208, 0.0644727293132229, 0.0], [-0.0644727293132229, 0.9979194692834207, 0.0], [0.0, 0.0, 1.0]], t: [-0.11085935421347792, 0.11627312308514282, 0.0], theta_Rho: [[-0.9725443124771118, 1.8677269220352173]], theta_Rho_prime: [[-0.9080268144607544, 1.8677269220352173]]
D: -0.000315777175584791, R: [[0.993894698478484, -0.11033280716252664, 0.0], [0.11033280716252675, 0.993894698478484, 0.0], [0.0, 0.0, 1.0]], t: [0.20659242111171983, -0.18181467622845604, -0.0004740327596665095], theta_Rho: [[-0.9011498689651489, 1.8678590059280396]], theta_Rho_prime: [[-1.0117077827453613, 1.8677269220352173]]
D: 0.0, R: [[0.9974676939245872, -0.07112102063923326, 0.0], [0.07112102063923326, 0.997467693924587, 0.0], [0.0, 0.0, 1.0]], t: [0.14681851811042002, -0.13719480947486495, 0.0], theta_Rho: [[-0.3330940306186676, 2.000556230545044]], theta_Rho_prime: [[-0.40427514910697937, 2.000556230545044]]
D: -3.168790836417683e-05, R: [[0.9984934570314066, -0.05487090545517215, 0.0], [0.05487090545517209, 0.9984934570314064, 0.0], [0.0, 0.0, 1.0]], t: [0.1123782933245443, -0.10673906505019382, -0.00027861792594197077], theta_Rho: [[-0.26332801580429077, 2.000568151473999]], theta_Rho_prime: [[-0.31309404969215393, 2.000556230545044]]
D: 0.0011631767477222764, R: [[0.9969866901179611, 0.07757280275736428, 0.0], [-0.07757280275736417, 0.9969866901179611, 0.0], [0.0, 0.0, 1.0]], t: [-0.14858656897050038, 0.16115154358769823, -0.0070875542610880915], theta_Rho: [[-0.3358463644981384, 2.0012032985687256]], theta_Rho_prime: [[-0.26332801580429077, 2.000568151473999]]
D: 0.0001675571280696736, R: [[0.9983718396187629, 0.057040948942387926, 0.0], [-0.057040948942387926, 0.9983718396187627, 0.0], [0.0, 0.0, 1.0]], t: [-0.1104340796219776, 0.11732704385561066, -0.001222860589623398], theta_Rho: [[-0.4346391260623932, 2.0014243125915527]], theta_Rho_prime: [[-0.37584638595581055, 2.0013134479522705]]
D: 0.0, R: [[0.9968542470771353, -0.07925660908894488, 0.0], [0.07925660908894483, 0.9968542470771352, 0.0], [0.0, 0.0, 1.0]], t: [0.16426075052882627, -0.15224330303899025, 0.0], theta_Rho: [[-0.35357847809791565, 2.0014243125915527]], theta_Rho_prime: [[-0.4346391260623932, 2.0014243125915527]]
D: 0.0001486256688597048, R: [[0.9992717556988593, 0.03815702114314812, 0.0], [-0.03815702114314812, 0.9992717556988593, 0.0], [0.0, 0.0, 1.0]], t: [-0.07459566501150272, 0.07776553262279151, -0.0018903967924416287], theta_Rho: [[-0.36486536264419556, 2.001561403274536]], theta_Rho_prime: [[-0.333578497171402, 2.0014243125915527]]
D: 0.00172796414982103, R: [[0.9933400801311254, 0.11521929180953183, 0.0], [-0.11521929180953194, 0.9933400801311252, 0.0], [0.0, 0.0, 1.0]], t: [-0.21632794243833553, 0.24371271335322198, -0.006054374463856205], theta_Rho: [[-0.48722052574157715, 2.002162218093872]], theta_Rho_prime: [[-0.36486536264419556, 2.001561403274536]]
D: 7.71039795365018e-05, R: [[0.9981036161464778, 0.061556246111380886, 0.0], [-0.061556246111380886, 0.9981036161464778, 0.0], [0.0, 0.0, 1.0]], t: [-0.11889723651492545, 0.12689224420071898, -0.00047212135046720283], theta_Rho: [[-0.5490388870239258, 2.002207040786743]], theta_Rho_prime: [[-0.48722052574157715, 2.002162218093872]]
D: 0.0, R: [[0.9972127830280215, -0.07461008889893789, 0.0], [0.07461008889893783, 0.9972127830280215, 0.0], [0.0, 0.0, 1.0]], t: [0.15428252938968967, -0.14366487376843873, 0.0], theta_Rho: [[-0.47413623332977295, 2.002207040786743]], theta_Rho_prime: [[-0.5490388870239258, 2.002207040786743]]
D: 0.0, R: [[0.9959453901484466, -0.08995987906871555, 0.0], [0.08995987906871561, 0.9959453901484469, 0.0], [0.0, 0.0, 1.0]], t: [0.18741154302506113, -0.17183836703204447, 0.0], theta_Rho: [[-0.21405456960201263, 2.002207040786743]], theta_Rho_prime: [[-0.3041362166404724, 2.002207040786743]]
D: 0.0, R: [[0.9974693021448074, -0.07109846185925306, 0.0], [0.071098461859253, 0.9974693021448073, 0.0], [0.0, 0.0, 1.0]], t: [0.14677033894099867, -0.13715289731741098, 0.0], theta_Rho: [[-0.14289607107639313, 2.002207040786743]], theta_Rho_prime: [[-0.21405456960201263, 2.002207040786743]]
D: 0.0, R: [[0.9968166404805708, -0.07972819614809099, 0.0], [0.07972819614809097, 0.996816640480571, 0.0], [0.0, 0.0, 1.0]], t: [0.16527590112770585, -0.15311152207501655, 0.0], theta_Rho: [[-0.06308316439390182, 2.002207040786743]], theta_Rho_prime: [[-0.14289607107639313, 2.002207040786743]]
D: 0.0, R: [[0.995961064392075, -0.08978618053467519, 0.0], [0.08978618053467519, 0.995961064392075, 0.0], [0.0, 0.0, 1.0]], t: [0.1870339896403166, -0.17152221087188702, 0.0], theta_Rho: [[0.016824090853333473, 2.002207040786743]], theta_Rho_prime: [[-0.06308316439390182, 2.002207040786743]]
D: 0.0, R: [[0.9964311648319336, -0.08440932265855652, 0.0], [0.08440932265855654, 0.9964311648319335, 0.0], [0.0, 0.0, 1.0]], t: [0.17537697678463315, -0.1617054694901574, 0.0], theta_Rho: [[0.10137540847063065, 2.002207040786743]], theta_Rho_prime: [[0.016824090853333473, 2.002207040786743]]
D: -0.00023858818771696299, R: [[0.9979089490507493, -0.06463535723138805, 0.0], [0.06463535723138808, 0.9979089490507492, 0.0], [0.0, 0.0, 1.0]], t: [0.1330091950461023, -0.12510296438055502, -0.0017839192971588758], theta_Rho: [[0.21615372598171234, 2.002363920211792]], theta_Rho_prime: [[0.1513339728116989, 2.002207040786743]]
D: 0.0006694090812855357, R: [[0.9956875179304936, 0.09277050521266615, 0.0], [-0.09277050521266615, 0.9956875179304936, 0.0], [0.0, 0.0, 1.0]], t: [-0.1762793208887241, 0.1941363760744581, -0.00362203303724562], theta_Rho: [[0.12907417118549347, 2.0027146339416504]], theta_Rho_prime: [[0.21615372598171234, 2.002363920211792]]
D: -0.00027438652426580107, R: [[0.9967634021845408, -0.08039104468471092, 0.0], [0.08039104468471092, 0.9967634021845408, 0.0], [0.0, 0.0, 1.0]], t: [0.16670352536754907, -0.1543311079543921, -0.0016717075556518246], theta_Rho: [[0.1890535056591034, 2.0030577182769775]], theta_Rho_prime: [[0.10857561230659485, 2.002892255783081]]
D: 0.0, R: [[0.9974783832917011, -0.07097094381347024, 0.0], [0.07097094381347041, 0.9974783832917009, 0.0], [0.0, 0.0, 1.0]], t: [0.14649801576892796, -0.13691596119166727, 0.0], theta_Rho: [[0.6100841760635376, 2.003113269805908]], theta_Rho_prime: [[0.5390534996986389, 2.003113269805908]]
D: 0.0, R: [[0.999525770816672, -0.030793399834017354, 0.0], [0.030793399834017243, 0.999525770816672, 0.0], [0.0, 0.0, 1.0]], t: [0.06232390918294439, -0.06064159614799847, 0.0], theta_Rho: [[0.6408824324607849, 2.003113269805908]], theta_Rho_prime: [[0.6100841760635376, 2.003113269805908]]
D: 0.0, R: [[0.9986660367853634, -0.05163474577661015, 0.0], [0.05163474577661015, 0.9986660367853634, 0.0], [0.0, 0.0, 1.0]], t: [0.10558302566826683, -0.10061072070907917, 0.0], theta_Rho: [[0.682748019695282, 2.003113269805908]], theta_Rho_prime: [[0.6408824324607849, 2.003113269805908]]
D: 0.0, R: [[0.9980549930146269, -0.06233964163013217, 0.0], [0.06233964163013228, 0.9980549930146267, 0.0], [0.0, 0.0, 1.0]], t: [0.1281414324370025, -0.12080261874086862, 0.0], theta_Rho: [[0.8349202275276184, 2.003113269805908]], theta_Rho_prime: [[0.7725401520729065, 2.003113269805908]]
D: 0.0, R: [[0.9960411493520478, -0.0888933563178459, 0.0], [0.08889335631784578, 0.9960411493520478, 0.0], [0.0, 0.0, 1.0]], t: [0.1850942991379414, -0.16989618269933748, 0.0], theta_Rho: [[0.9239310622215271, 2.003113269805908]], theta_Rho_prime: [[0.8349202275276184, 2.003113269805908]]
