[[-1.72280646  0.36819243  1.43379228 -0.26801181  1.69665356  2.91380489
  -1.10866401 -2.76912462 -0.98493527  0.97649883 -2.16693923 -2.44009009
   2.6054846   3.92801085  2.03356251  3.23636666 -0.96411276  3.69541823
   3.43184991 -1.11797036  0.24424112  1.95407227 -0.49060709 -1.69361651
  -1.07146613 -2.49108741 -4.23131728 -0.11034131  2.16926393  1.51739802
  -1.41439498 -3.37736732  3.05979524 -0.98425431  1.60215676  2.06098156
  -0.26555005 -2.86923768 -0.14669722 -0.65187698]
 [ 4.44681844  3.79799157  4.005176    1.66615611  4.60896816  3.42563915
   3.77459821  2.92211486  4.03657199  4.61334735  1.63112369  2.21641493
   2.5282973   2.71056194  4.0900491   3.42587138  3.45621644  2.7632172
   2.62487528  3.62979535  1.83554778  2.69268286  4.12181197  3.99454126
   3.56323059  1.44744489  2.61717868  1.62240953  4.16460817  2.06113733
   2.37882379  3.5295537   2.5796309   2.81941762  4.1421216   3.20077787
   4.95574006  3.57581607  2.36409168  4.05384141]]
[ 3  4  6  7  9 10 16 21 24 25 29 34 37 39 44 45 47 50 51 56 57 59 60 63
 64 68 69 70 71 72 74 75 76 81 84 90 91 95 97 99]
[[-0.81204015  1.06468177  2.31759262  0.35106137  2.63876581  3.63302612
  -0.30355716 -1.99571633 -0.17747757  1.88155675 -1.52909923 -1.72765446
   3.16261196  4.63731003  2.74472427  3.97950888 -0.14802697  4.43218994
   4.04128075 -0.26189944  0.91273582  2.68474579  0.35596889 -0.81076306
  -0.25064531 -1.85310674 -3.40611696  0.4857654   2.91753101  2.1564064
  -0.71552742 -2.53580499  3.78229904 -0.26303744  2.40594649  2.68300366
   0.61154163 -2.03231215  0.58816743  0.17541675]
 [ 3.03400874  2.15334821  2.22427106  0.13722429  2.80255175  1.62571466
   2.30703354  1.6233362   2.52124405  2.93972349  0.29379448  0.85940498
   0.78559142  0.75710052  2.36389756  1.58152962  1.96476281  0.70284688
   0.80582505  2.11508465  0.17749706  0.90880036  2.6036818   2.5575068
   2.09008193  0.09527552  1.52961183  0.07861036  2.42931461  0.36894658
   0.96179563  2.31612182  0.60864741  1.3447125   2.44394732  1.48191261
   3.40549493  2.3047049   0.7238251   2.55085754]
 [-0.68323427  0.44602415 -0.92815137 -0.36306974 -0.95228386  0.02044769
  -0.01997216 -0.66786063  0.30282879 -0.58436304 -0.45380053 -0.83419365
   0.38299087 -0.311598    0.321657   -0.10435627 -0.71234107 -0.93288749
   0.27015141 -0.99035043 -0.77765006 -0.56529272 -0.38054785 -0.8975305
  -0.63754988 -0.79767627  0.3451435  -0.17865124  0.17749013 -0.25419578
  -0.21643806 -0.20991488 -0.83897859 -0.04488092 -0.14469233  0.34146464
   0.04798954 -0.19167322 -0.94123018 -0.19017065]]


0
array([[ 0.97585387,  0.16385018, -0.14443804,  0.46414624],
       [-0.14443804,  0.9801238 ,  0.13599631, -1.82820615],
       [ 0.16385018, -0.11185017,  0.9801238 , -0.41410307],
       [ 0.        ,  0.        ,  0.        ,  1.        ]])

1
array([[ 0.98328113,  0.1381938 , -0.11857778,  0.49990977],
      [-0.11857778,  0.98013295,  0.15899278, -1.70035819],
      [ 0.1381938 , -0.14227391,  0.98013295, -0.3501791 ],
      [ 0.        ,  0.        ,  0.        ,  1.        ]])

2
array([[ 0.99015653,  0.10717691, -0.09001756,  0.45674854],
       [-0.09001756,  0.98012199,  0.17679855, -1.54458916],
       [ 0.10717691, -0.16695508,  0.98012199, -0.27229458],
       [ 0.        ,  0.        ,  0.        ,  1.        ]])

3
array([[ 0.99561423,  0.07209013, -0.05962657,  0.34147675],
       [-0.05962657,  0.98009755,  0.18935012, -1.36710908],
       [ 0.07209013, -0.18496434,  0.98009755, -0.18355454],
       [ 0.        ,  0.        ,  0.        ,  1.        ]])

4
array([[ 0.99901514,  0.03431535, -0.02812844,  0.1722933 ],
       [-0.02812844,  0.98007446,  0.19662868, -1.17499352],
       [ 0.03431535, -0.19564382,  0.98007446, -0.08749676],
       [ 0.        ,  0.        ,  0.        ,  1.        ]])